$ANSIBLE_VAULT;1.1;AES256
37626465386234313361623763663762613932316262303830316130646264613737633334356562
6162353566626433313465653732363862646334353932370a666665313862666466643362316538
36313134393063643738633637616139353539643438363261376432636163303765626266353734
3930636438363837370a643963626530333330663162636262363331623636383333626137636137
62313739613863616439333666386565643736393964613539316130363432313937393934333139
32613365356161633066323366313161653761316534633963336239313837616334613465363338
33366533323031346231386233383033613732323261396435333136663331393932646630316635
63303739623831653263383032623837363739323861646537383932373735303031653466333435
64326365653065393037643534613363343032623232343862643333343536313136663133623765
36363064386434323066346438613631616466316365636630333961363262373132623565656139
37623135333838396237333266613634623462393932363661613437353162383330333932313439
34626230363433316666363432643536386565656436326438613637353564393165653933626264
62316332626638383734333065386233336634633730363063333238316430326534353839333736
35376434623435343362366138343535386239643233636235336631323134313762646339386332
62316535313232396537366463383833366565376131333334363935383331303565663736323862
36346537373531643063396261623730353435613036663137346339386238616339336138626430
66643265333163326665376635303064396431373466343062386532363338633835366237653233
30613930316439396334336436386563356163646133636633613261623139306662346430636339
37323031343836373033313530343130363566623062356165303936633632613034303435333030
32383762313237343339323236353132353734636134383731613466316166383535363964393539
63623065393036323136336661323964346365343762373662653139383030646533383333386132
36653338393234353862353463643534333436363331346131333836383738303333663539366130
30343164346266386466336339613461613566616665623135373762636434633135376238353234
39333636623332333434643735323239643432316338366631643266323538396131656463636435
63643835336561633733386434323139393532393333613565383138623437643139663661656261
66396635316665353334343832383734356433613464373535386265626235653332613638643164
64313635653262666435323533663431323632386461343332613732376536306565353633643538
63663764613366353631646364393163363037626262356661663864396463616266373761316362
65663832323035663765666339346332656664633532313461373139343137366135363532363963
31336232383738663737376331653834653763386566396332656531333266646364356432393634
32313965666461363036316431663431383336343765343738613035373438386634306537313635
32306363303432336466333333636337313734393961353263666464623939626137386536373336
33306562396235663339653862393161623630316538393330393864376337383762316362393461
33663864303063366439633935376162393634366234623432313232613161666433396465656363
62346661646134626234343238356265646165333130346664663735633036646533613131323162
35316263346264353562353461306264313238396463323161323639623663666463353735333832
65636561376161623964336130333830303866303962613266633836613262653230663438373063
33306361376138366364396661336662323935353866343333646135353439386431316338303034
33346564396636303565363634346137653530356239633533386634393733333537613365323631
62303038386665656664303530343961356637316335313661623834363634346139353232616132
39383332383238363833643738663436653664643534386538616463363066326434303766333563
30653035643635626261363735363762663834306264636139313234313062333838323161666239
61623564653231623963623265613631343132343061353464343934613035656462343136313966
36323065646365366636663834346631306539323438393264396433636438653432373964626234
30636133383962363364313132386431616633363934653766623831376132653938356437326631
32316533386561366166636630616536613362356239323131383665396135383333333131366536
63316664613435353335653538626361653830643861623731663937393965613838333131643138
62623835653163393964323263303630366532363933643561383333623630306130643739313962
36313536353037666631303339353764376537613337306435306537376239343335326631656237
36336163383439343931316166613733376164323431363666333639643261613365613735663238
37666138386532613834643936616465653065656530313464663961313631336430613132353262
36363063393962616138303832376531393930313133623839646539646364353061323038303936
36333762373334336631313931643266643638313534383937346261633766333131353231313633
33666330626334343062613236383938326362323433386161326135373330376563666137636661
32623537376430393534346662346332303966613934333033656535613035373735373063346262
62623534383231356639366162653732373231643665646531343932363933313430303234383033
63353163343937633730613431663235663432616662663661616335323034646235343664653061
32323831333932623534636262616562316438333161653061393237383834393562393361396461
66663832623861396639626666646464373830306261383862313466326363323263333138643632
36346536376236656462316161316539333130343462373637313233323537643830353235653332
36623139333861316561343439393565363033623034393839623466393833376132653332616436
36343438366535663561643133616533363437323336633735326230623534326466373461336661
31613566386663383036333766393063326635336438333365646230383534366131363166613237
34323830613665633230376533663336643536633638346331313236663932653537383735653864
63626361306430373135656538303431616437336538333238313263663461353230623663663937
61353662623464393536396661303733343931303739336538373963373764313131623462656236
65393464353135623461346539386230663461336335623666313237323239303162653032306237
32313332353038626561646636363731383735613432346362363066396562326536343434303130
34353462383130386331633637353237643036386139353034333964383965313563
