$ANSIBLE_VAULT;1.1;AES256
34323635326164623134656538333561666563666265396638306632653538623031346336303836
3963636632666334663530623664396333356432366464390a313131313536666464656636616432
66376330313930633361353065353364633164643330363238396331323934303366383966303939
6431363537623161310a616161653735323063623836353537636333626630323564666432393533
63396337666165343535326663633661326165353032313963613935613531316531313333363633
37393333653663396265653361373533323562373633383534646333306537633039653939313936
38666134633466356234336333303032643166303731356462303531616130653537306662623535
63336664386233303963323234356631393237383064306361363763303565316135303430643832
65323461393761343561633732323333616632623736636435633337316165313534663631393739
65313533326639353463343637336533663862303762616666636566333963313362316137386237
65346335356534376137663238323132333136323362353537356163313665643663613032316463
62326530393134383062353861623466346136666439666364343739666135343037663535313365
62386164366562313163386630393338396230366364363865356630363932393365373531343963
62376133666163386435373964396165666462333537313837353936303637363839666539326535
32333537643935366562663233316632653632623363633437396566626364343264623339633262
31363561646631316661323934663532663736336663306265333764376237616430386565666437
30343037343237366464663937343537393831626163636362323364633636646139333039306361
36373131636162383236323537333265343433393534623664666665393263353832626531613832
39666430663765383639356464373965613561343166333261383530303334346534653637626636
62383633633835653639376365306231353163353133633965343463323833663462336230386565
62353032356466313530353763653939663737393831623664643332666134353931326634393262
63366564326231386162656539313430366237353763323633616363373333656261376136306263
31343833356234353630336236343232663062653235653133376265616461313464303539386136
66383861643232383130666263313364636331353230336639613738366337333966636633383965
34613764366532373465333861376639616261363762626165653663333966643736356661316563
30346265383734366137613937633861373337326463316661663234336362633563316433373333
32313438663737646132646332613536626565653361376139313939373032613364383262663732
61353735346132373139333232333162373832303034333630353535393134643162376665626535
34333537393263666139333264393730626230666163363331373134306236643439393963326662
31396537373538353563363136623538313163613166646635373832336261353731663462323661
36623263366637353032323166366561336536323165373761623730333161383931363162373166
30303639616266643133653038333036323734343366633361623864363865613037666338633137
61353834386335653431393365613066653332376632646631333939393566306561363033646366
37643335376630313666326561333063646563373835623666303235663333653333616135643936
32663637613733616133393962306566316433343938616539306261616438643332303864373364
39313238616363643231666334373836633537323132643238653733343061386432613365613135
61636362623239343030363465396639383264616665326162393037333537336366646636636339
34333330376263303362613539663534316263663935313466626638386561616165373730343339
64346237653931663065396132353431363339653863633363633530353835646635656165663562
65626263303334336135303136376466323738346466336561373237333964623032383735636439
33656337656465316164336238616539633030323634303765386264383131356138616431633930
36323065643139386435626137623563366536633835306439636363363362306531636164663238
37373635366636343361373962336235613134356130303230663037613035343332666639303139
33373763366434636536303634306531663565346637646265666438366564373231316233383636
37386632356333383661323738656466313135373734336330383963383936336633313037363965
63373830653937336630393538313335646337636330303666663335643631653363393932636337
33333562373766356135653563313236383435316439336636626630653465333231666666316666
35646134303035623366373162613961396637326564316432316537343831663834306664396265
38373132363330306165333763346537313761653933316533323437323032646235663832326464
39663434343565626566323166353138333538393334656233666335363832323838366434386664
61333235626237646664353663356461303536366235636333376633643738616430303562626236
31376663373831393866396235663031346263636162373166616332623037343331356365656431
37633534313234363539346537316163643039623830326363343564383137383238373865613133
39396534303064333238383730356565373665663438373866346531636363363062303261333734
64306164346439363136323064323337376238653134346261306164336437333333663962636330
65633962663439663861313438613036656536306434633361336562333664363632393163303337
64303234333636303662323731316361336337666236366437313538343737643864643763363264
65663238373333643837376165656364353739373736323065376264613038613734653937666663
61633032373234663365373666633366386233366364646230386666353137653232306534383066
64643562333664396130613532366261396663316235643864613635333464393164333066626264
66393963623065366565333734343665376264343237353737373438383733303731646239666638
35663932393934663635363465363239333132633363396238663463336662616461303430663138
32393333353965623339383338306534323537646231343261326136316539363863353930303834
38333762613132386236666531303833613337343437636539666335353434393634346564383038
39326535396436396336313536363765663234323434613937393830623435383532623861616238
62333433636633323339373564393866323230396466336363623362313865633866373161333963
39336630666538343138623235396430663636643163376263626263643837343232313763343838
63643731356336616537656138303034373637336366613532646561383865333866636137373838
37306639363532613335393234653732623430653364303538363463656662366238393166633639
37633466616161613138343562393437663563386437663236646636323337343737356439623161
39636566663063636164633239373534613065356362336363366566313966373230323430653238
37386535613662396233343863656132636364616463373335636465623566326438373133633666
66623334366262626164666234633739366531396639663732326564656462313837323035383832
62386166383830363761323663393735623636313434363163663963623338616332616463353437
61343262303734363833313134373936346330636538643463666666343835633731313031633761
64336139623633353563656661626163666437613064623165326134393264623735376133333434
35333536356635633065666635636262303263646136346466363435323861383766386464376631
34383038356237326230363763333066376233393236373830346361323131653365363834636339
35316465643865366562653566306563303362373132313332313261646233383662303235333032
32323638653736363031663830303531343832353533633239643038623565643039373332383561
37326630616537646464313161353732663232323731626363636565623735376638313264396563
35376539356434366162356462313731353163636432303064623366373265633761326361396538
66393666323664333330613435353534616261626234303836613164303164366565306636373234
62343765356333303562613835343062623739376533363863656163306438343937306137383232
65393862653533653166393035663265366266363965333566303762616163303336643065616637
31336163346231626533666364306666643433623265363037306432633130393234653038356362
62623361666266386331393834316338396639643066353063633864366638626464646561353965
34663634393838363736313736353335326235323132663031643134633132663463623030633365
37373534643039646433383534636239663933316530353862333235383263623932346339666337
32643266343563306632393238626662656133373165623863373630646538663062323830656432
63323261336665356265393034353062613162393634383739353862633766613765626132396262
38323536346235663866316131326363643638316339393230353634323263346139653933323433
65653434356538306261643531613837373638373431336566663866323033643762643837386337
30303835333130303962393164626537326231386366376662383230313330303962343936366134
32626134376135623638323765386237663238343465303033656636353337303937666337313761
63653237336561613363663033396430656339363063663933316366303162623563666532663237
30636462333266363538306230666439363831663935336263353133633032633537333537356331
33666266343934633837376662643262613936373235656232643638393161653231323738346163
63313238373562386431336334636435633930636137623261303533636362346161376365636135
63663637353438336564643339363334623531663165373332623531326238663131373936643031
38326333306538646639623838303262613638396538333763333963316262316363336231346138
66373466393434343938353330303062366564656138653634366133353839303931343466373537
31616438623536666631623963643661396166343839303132626632626361396631653637366639
31643236616635636438356336343236636265326134313539646136323331373334306666653166
62393739623862663231383963623735393065623435323936326431613632306539333534303731
35343564376164376330363636353437343035613335623165353731303530636537333964383337
65343632306533333066623535366564373163323738356463633362613661633233656233636232
61356533353436366364646337623565386536643738626662306461653461306139373632636166
61616262383735313239643162363765636435626664393562313236373735313236323334376139
63363161303638646535383032313039613136373433383562373639373137366633306534346338
31373166363337346366663662636264396532353966396333646134663764363361323036316635
65646463366433376363323137316638393761633061326332326230316235363866373538323736
31313161373937383033663936643661366564326365366332363130383562383663306134343166
31646564656165316131663063356634373965326334303137396561303865376232623262373564
31346333336465663737303636623831613737333834343966363031666634643839343831656464
33373233313738363661633465363566663265386233333831326639643432643864333534626164
31636239336634366161663033363931613335613432353665633434363030316233613833316162
30363666303935303234396563653035363562356534363438623662363966333239613732613562
37326132643335333235316262336666613337353134303035306663343262633463613863353963
30363064363630643336633462343365663864363930306137326534346366616262313534613039
62393831383035363230663439636562613963373036386163313138343531643466643235386165
32653062366138623961633836386134363137376661356262613130616330353536396261353438
37663766373963616334306262643865383634626131623665653837666339633537303564303264
30353637633230343664656563353862643031346163323664633732623833663536366134306430
35646331616135303464393735643162333639343964316261316365333063353564653563306138
38393564343665313663353234383735646334653666666465663532623266396465616130306134
30333238303863613765363161613965303466303735626636333035303631653937613265346662
34626365393538366263626637616431616663306665653431313639303566626530616564313431
33396633336362393130363933316434366664613938666138636334623131313739613736646338
31663938633032626639346632346466336232373665613062323962306263336330336663656162
62393664616264353363623334623762626664613464643865636630333931666433343634393237
37376532303561636465656535366139386438386538303365613130323338646135306535353663
36643463303461663836376664323939313366313634396133303333353763366639626364373138
37643864363765376335383930346531643762386665663935663232643832373265363666623063
396336386130363830336332373530323261
