$ANSIBLE_VAULT;1.1;AES256
38336161633366336539373662653363316166343630633431383666383930383532343364366263
6561313436623264366663633437363161653065663334380a626237363165373636623066633937
34303163643762663233376139613239663836636365353132386630653463323135323239383633
6233383263366237340a396439653733626336303261336266663734353032623130616363636664
37643063373662396664643066366434636161316435653931613035623738643132343433663562
31333431633136396438626534613434363839663431646264393933633863366564323138643061
66396232393166636164313439616132323839653439303838663464306338333466633038303538
30613533326638356435626431333330353161616530343839303734343536653465363965316335
35663062303539666239613631356562633231336234663363623737313264613166326135333563
66666661366363666435643234323733383663386362653334643137613764326334396139366661
38366563653932333334666262336465636331616336306435373066333135616539303837346437
66343731333139363536353437663633313964363730633539643939343531306365313038353964
66313831656165383533663934376461393165383065386637336638393461323535383938633832
32643435363331363139626435646131346262646332656239323831626530363330376266646330
35643663373063336564326566613338636237613938346131653765366631643761646432383865
62636632613634663661323934306563373365306337616338396635343166326131316537636539
30303465643562353062653536303731396139396462623038386430656533643338636538373537
32646665333437616533343861623439346264346136333939643665313066323131643039353462
38313864396630383930313536366630376166656430393863643430613134343731393866613763
39643239353966303238386333336339383166363639613932343364376434363033613165626233
62666639623761353939383738303435643361313436336530663339656266316131393638373039
63366334663735646435363535303133343262396336633964663265323434326331366262656564
61356438653736343231626131383462303436323239383834366464363535316161636539396263
39303137613134623233363761366438326137346637316265323662366234666531396463653266
36376137316537663134393738383130303365396166333730626231313938376236613733353531
63323531363065326462646534313631633134616564336430616264663131623335653336363131
33366436333435663730353233306231656435313239306234376533666632386239336165623961
63366136393366346564666130633463643035353734333130393164653635653836623166336363
30393965313264633238643163336663616162376533386639616665353530623863373136656332
65393466626630343531646336666430633066383534623865396362393035613338366236383464
65346261366537363739393034643034653364336362343062636263363735356631653866376439
65396133666431356231396164393637356463326230636631343039623963356332623134656139
30386433613132373962323930656564313337353365303637633539656435656565333164363763
61653331343161313833663137323363613230356535653930353335383539643835613466383138
33363763653434366130623639333634653166623064393532383338653261376635346332306531
37643136396636326431
