$ANSIBLE_VAULT;1.1;AES256
32656366646361353662623763396164323633303937333537313565653839306361316365373534
3366366534666434643662386333393165353330303265380a666661376263343762396563316430
63373263353266326435343130313836326138346437376636323962303365623861633334353733
6439353832343831370a633631633762376363643965653835343866613165613333643236383763
64633937323334626136663730633338623265303436663663313935343661303636656632656434
39343534323639653037323261626261313561666138366661663164313265303933316361616332
32323639656463313231373461393632613266666533323932326331306636356431373564643634
35393863666265313166386261383466643338633735666465613838616238363635316363646532
65353764363038636133666162333337386433376336626136336536636366356337313663393030
65383532313532396662306536666331313339616532636236663764346633303531633061333939
64386165333862656565303235343636333732663237333831316663373666663733613337623337
32336463323835303630356537376265386565626535363930663864616266663063343365636563
36616431396137633537346531623562623633303039636136613834646635386432
