$ANSIBLE_VAULT;1.1;AES256
37616333363362323036366539626630366535353766313866303630326438346461663162633861
3866376536646533653161333662613762363434666636360a396630363337656339666637326534
64373832636363363566613665346638376466376633353763343134613566356239636535386563
3830663135616438370a346437643164373765636166653963613264323866316538663637646437
65613165636337333865303331616166393062383933303231393537333531373865656665626566
32653634623730633236613533623337306539626463626631646265343636656532646465646334
35363532326564623761323939336239633032663530313332353563313132326638343361646365
64313130636165626465636237613962353432613031643634363664346665353136653131623433
39623939356163373836663565633631623335636432346232333463656462353830336264623937
36636532643364313161356364333836656234326562396238623338363965643230323433623166
32623933373930366366643061623833313362393138396665373930326663666562326365333731
38316165613532326463333734306331653862346166373835343230636536323461616166376162
61316162326534386636373739336433643035643538353730636463316232656363333366383137
65646638393365663562633461343030386331316262366236643730636562366434323838333662
62373235656330663934653961373938323739656633306261666264613861313765393463623132
66653164653635313130663334623738373066323662613366356639393661623634656465373534
36333533363131323833653462653334663262393663656361643431393330343537616166393038
65613065633832383765626138333533663230633265636662353637393263343133646362366664
32326431613934376462303264666238396132303662383732353634393164326130336361623766
65383435393538323965643266626333643465386639663538653461616463396132333035363833
32363434323263343561333237663130393635623764396261633037613238643065633635346461
34363866643263666466393864383930613438396165333435633039316630333632363133633237
65366331643637303062623536656564333438313730326362353230363331623365653334306164
32346266336366613762323938386538313538373166313336623365633534316538346239333038
36393332666534333934356563646336383862313066663938346132666330616237643836663564
38616534633631646361306461613039336235366438303832663462333663643734363633323063
35363964386439346635346666313437343064356136613463363536333339623563343066366163
36636264346362333537613636316532333733336630363938666664303637306261323131343736
30386465366331343930663630303630363061373531313239653762313762643165626633343061
32343338313864376532356461313438306566623630613463343365613535316366633233303139
39323338343634656136616432346437306632626464303930393337313231386561663861336262
62643263663665636537646361323030303733393132643865326236386232343136303233343761
65366135313833646435333365353163333562613031363835653433336631363839626337656237
36623062373761316665376131333235613566616666313339353766383964323739356133613335
33623930656662656263613832626366623764303261373038313031626135363032393465303831
31323633373066323664306238323930333164616530643663376536396239396366646366326539
37613431373031663464383265356666343463366563643932636432646364616431303333663132
65666639633132643630333639373333616562613964356132323333646365626163383566313663
37386530623866666530316332393433386337336136646433346436643835653363646166373138
66613039613332336661343463386335346130666262613331613662636663343266353732346136
66393933343437666135323462383564613637353436336135333138343838643361643565343330
39616236363562393130366338353764623738306466653764663233663832376232376431333562
30313331616233626131653634643737353438326430343163653464343534306437343761303438
64396238633061316235353230353630613538633030313333336335356336383833643435343336
65363238323238623262646565666638316235656431303036373865383363366237633038366632
37643035366634333965373663383264393264666133306637386332343531373065386533356637
35356637396637386537323138336634633033336663653435366662386631616461626434363436
32643161356330306138333238373531306539616363373737386232646364623063336235376236
34343661346639323165656430376566633936383539313162643538636661326333353263346334
32346438623431323539343666306363336430313463626436356665313438393836343137353330
65373935656631373030633835636633636338356664643565633463306661346630326664323565
36343936343535653836663133653866623332333834623032353062316530643233353035353161
31663432656463333531353066333331626661363938656662393939356264323766626138323139
62303436346565353062616134316464363034626133336164646532316162626562366533336461
34623330363836373633613431616430333262393966333165353834393335356462626439386336
35386662656634343734393839666439346338313266653265653930623565306462636361623730
30663732393763303032343463613739393139303930613130306135336661333930636164353131
31313432333561333933346639393337343230356431616636313165396166326434323130646164
63333438373033616632363332636563353861623566303334613464376631613866396561333266
33636438383932346135613637393939393733343437666462626233663830663938363535666437
66666330316264663166303665323736336530383532393837306563333863336361636162643963
33303738313565373064653234396538383636393736616136353163396431303930653866613463
33613137636534313461306537663766326239323062393665383736646232333061616438396534
38306634343162653431333864353134633130336630366262653935353165343339326665646362
38366366303732376463633131646262313630363863393738376132333766636563313033303361
66373762666130666563343638626164346662666134613532613635336662343663333863393765
33333032393461303366396133653333383766343635393663623262616636666165303565653032
30623035653836353137613632643137313738353534343039306635343731633836633738313337
39343034636535396161656161396631393532396531366663613233343464333838316339363431
65323731653435383531626164393238663763306335396337343666643133343632386365313264
30636431623562373262316236626439376538653865386562663936616637323630383061393133
30316235636635643862346338316434323763616661663235303234393034373430393863333761
62373438326338666339613434363565663033666433663965386566616166656163613064643064
64383033623832333063663861383262653338663239333232383635613530616338656433613833
30643132666665353966306132326466646233393263323632646161653866663961653631383938
32343464303335663434643834393462363464633863323530313832646562626231646335663863
35386233396436323561633936646137386263653261666239623934346166393061666164373231
62356662343734616338656639363963353065366530323061613932626366363933663538323936
61313763623231306464626630356661333835663562646635633166656565373635336231613235
30333862323136643134376438303066366638636230306338663435363034613866336361313464
62323061376263353234623563356236616465316261333336336163613437623032346265623136
39336132343030373138373466323361306530323061316630633966626237373831306331613536
32383130366234343639333739323463613066653966653632373437323664366339303934376332
32346432373838636434663034303235333461343361366639656338623833646363376437363764
62626239363263663762303531363533653865386539656137303339396530333532643031316638
32626130346533326464653835343037663731646666393638353865376235653263373664663239
38313664373332613731353731336665663164356463616266313966613734396636373761373632
30633637343363383137303238393362323539303130633061393035373237326637666364303761
61373266376239633165303864643130306339376439376565383733303538303131656362363561
31643763353230626265623132643330336464656137393364643831386538306639313730376464
62663038646232323261373831333431626162653134663830343837336533343730353331396539
66393334386562656432376465623030333631333862393730306632333134616537383737353761
66653034353532386138663939646232303362653930653938346333353931333038383834643333
66396530613038393135383062313233333363623330343335396437336239363464336530396430
39666531323732613535376662623238336532663865623537313137373936383431396535623031
64636237393237343331653965656264613361303764333866366165656236633833303538303530
37303863313930653065396664613233373538643666633938393935343033356236303135623361
62373163663639333933353536393734386235343265623764646166623234306532363031613965
35346537333639313865343066643761333631336363633537633961336361356131626535376165
66393462393263333532336361353066663638303834356437656339623536336363306166643165
34333462393461666639323531613731303966316364353732393966646432346134613163643334
33653138646632313036386264616466346563326139396238663539643537656235663036366539
35653736373539353864393838393465316261313534326539363166643935653232323739643861
37376533313864663932393333646437363963373062663734646439656561336233663231306464
33306433306261343736623134376339306339383732333466653938336163363965303964383533
66323636643332363931313637333639343564363135653364653766623635663739653865373935
65393033383562396364363231646238313334343530336363303437326366333436376463366634
33313738383239356432343838333362626539386131303137663735316239633561613962363732
36656138383863343262363235636133356165346263373464613336313166343465623934363535
32383963396362666432393233343339653031313535326362393732633239373861326239306137
31386132623364316430663836616235316161346237333365393138363762663139326461326565
35623034663734613036333238363565356334393438616564636162326461663961623039383338
63363666306334636330616536353164636531663765653333333935393562343539353535313362
33366463663533383932653132633466656231353261336562376532663966623464643535633465
61663733396563646465363934653665316361646639623734396533623761636333316261613538
36613564343337313433623139353138303362383033303839346430393662643137386439616635
33393263383836646263356635643530346365303162633137316339613934656565353439323066
65323637623537363236376365386361313436653734636133396366646231313736393630313533
36363162643337323034653962353061333330396331356436343032646162346336626464313932
65353837653237353237353362626263383238646332383462636562633838356464343136363938
33316163316134363939353538306435663265623666613734323531623762643736363833623066
37353137363432613032373433323936343062396265656264316236663530323665313565313364
32303662643439346538626661363331353233646437376432323765323533623431633739643336
32613261313534323036313937333235303231626235326138396236633965623866323239316262
61316438316637613866326663376638306531613962396462643530636632366564616430346337
35376465333630633663363562303436633862653537333861366132366530646165613764306461
62613765303534613166363436336332326463306266613130396632623465653361326539306634
63623564616435363265356230333435316631313165633066376337333533326233623639393262
31386463623063386266356138316538633365396532373138373235663133376164396133346134
35343433653739323637336237636563383738303130393238323631303863653138363130333263
39616465383066303139366630363563393038393133356230373730653239643436656461393638
34333665636636386465366261623335353434343865633765646338343836313039306433313131
39336232326130646639323832653165326564613663366166383861353065386330306432643338
39373937366538636238653666656262616166356630663366333162643031326234616636343934
353136653561363336376437346163346263
