$ANSIBLE_VAULT;1.1;AES256
39653464343962643636646564643561356163396363326630316537653461663031353433323033
3265353539666337646432653337613238386539363035620a346131356663326234326437383038
62623530343236643233363935313136666166346465303238633566633735376662363838356437
6135656536643930390a306365336533316435343963306464396261343465326564363533623832
38646665636131373137643837643335356132623732333337626564626335306663323736616637
66306239363865643462333666643463363563626165663730663832663464376431363866363032
37313866613834653432323162666564626264663266373265626234613032353632393638396662
61393437643235383537633130376238333138623365313530373338363235323734346163333166
30663431313062366335396238633865623835353163616336353430313832346361613139326634
65323630626162613537663332646633323264373963323636623265363163356235303430336465
30333234303231666661633464393065613333666165623065353537653661653236383131653932
63356538313462316130316335643965623564396166366234663335663034386663396430353065
38386137616531663436303262653234396362666164626631386362613935626362313865656234
61346366373033383265383137653363306531346534356334636163333261336134313364323166
64623563363733343130306564363465623433363932306165613835656561313931623463633932
63613863616539333563323065346232653864373636616433636631356236323661353431336265
66393031393566646331666336383163373464366134373239326536653231326337323836616630
62393863306365393934633934623862323165666239366362346332636134663566386463656361
31626136326164356361386532356661633833326532633939393235643336303766353364646239
36383237346137393636303065393036363330396361363831326133326232613761393866333937
37633839303138646561326338663066653635623465666432656163356530353865666332653566
62343636613130373935343131623032336536613037623630633663333634353864386132363965
36386164393665396238636432346139333437333563366534626639383164383662643432393235
32386637323138613466333066326133663464343461363462303138376439313231613864353761
61363236363830323761663737633636316662396365393363666164306364333837396565313539
32343864343766343238323535373134373066326331646239666238643163393466643232316531
61623330343439303431393937616365643162306261333733653033653934623866393433323539
64366238633531646338623962653937376261653235666130386130626463643762646465316135
32613366383664333666646136396239623938306334626437376437353239646331343135663665
65346164656634656663626463313136353331346335393936326461396231636365323337386433
63653633373938333661653437303237333463643465346530303064336439633832636330646137
39613666336338376464633231353661333739356435636563646435386363663566353239623966
62636634643562303161346434336330623931643165653465613935663462396364613062333363
35663466393265303534373733656365363031333264303830333963333639643630353861396263
64303536616363356162633465323663613432323935623936663163303335663434646562393937
64616162306230663662646238303666613563666430633862313966333964376465306663393566
35656132326434623761323834653835376337613732666361383836646465343533623931366362
31363138636632313233336364633535313863393535303634393839343262333866666230623666
66373165333062373932613436363431346230323466373936333931396565653336396231353562
39383832353830656530633164623231613063323038343530643035306339346638353661666632
35363433376263656534623632623431323236306630383030373336303866333030326237396638
65363731336238303533363662633237336435643034653537623630646236303932393739616461
35636330666137613465643935343638643061383765373631653265373334323637326265396665
33363162613933326161633738386631356364363366663563363366306665383230323136626634
66626161646638356461316330653632373538366466386339393130653762363231616266323532
36386461363965323635333664323537626333623038636562623737643133326233663739633164
37306564663434306134323266653734653263303732323434366266336238366333373337316230
37616439373734636430663237306333636431653538396461313939346164653633323931383863
35326537646266316166393537366432313261633834376335326262646131396466383834366633
36306661326233653562353161306136663832326338613262383739646636346661666331353834
33313033386532386138353430343731646163646137306461316666326466643337393232616338
37383532383834343561613066386564306461616261383435333633326466376462373834623935
34323864376530663339393463353036343466383233616237623730343734666166303731656633
38383239616361653661646432656236393365353734616236623462666635656338346332353162
30656337626665623631653532393135373139346665646339316233356264663533643230386262
35363364643162313364363563646262393435303933323032356431343862306633616464393530
37343262383832386339376636646433393032333637303235383866623135303662623161656635
65333966393363383266633936316638663331396164646566663637613565303732323833346134
66643463623935313066363135663230383335393765326563393238326261313331643134363466
63346336616239353135373730316537636564313930343165303133333234393462306363326362
31613930333836643337316132353564336630613134396461303166306465363736386337383732
39336665323664366263656566636239323762323435363265323063376234383631313031616439
34306163653663303666363865623635306336643838323135313163336561623065663166323131
32646530373635663138333332363438303839656438376433376231353938656138396531613734
62316666626462376364393130613531393335663663323931373039333364636364643435396235
36633237336665383035653566323263306134326530343936326135393732623231363464343538
39363664643937383635336565626464376163643431323761353734353137333234346662613063
33376365333765373861343463316332363531613036616234373439653732323937303035356331
38333433336565346165303961643235653633633661316363303661323964373237
