$ANSIBLE_VAULT;1.1;AES256
66616666343730326664303163346633383231323231636363346233663866623963373562323363
3031633336353230626364393865383836636164616561620a643936613562666535316265326337
30656366663531373864633363343033383732613336346439373630363938396363356466316561
6364393334336636630a616230343561316437383664396635326335373038613134663062663838
37653663616138393964663034643361656133343265656539336338656634343232666131623730
39376638643330343732313034643338386561346135323237353536663464376232356135346239
30366139366561643437333333663066303161313037326665356535363964643564346136373464
65653961356634333264623137623761656562323933333866636261336234343533363634343766
64323833373730353133363662316663343534303434353738633938643034646139666465613733
62396265623137333362323736306532376137666139663732366532343062666539393937353139
64653235316362626164333863336162306464646435643836336335613763643235393635346665
39326532316134633332
