$ANSIBLE_VAULT;1.1;AES256
32633061326237643664353134383764373839646662316538336531343931363064356233616539
3934663934613237336163366462653439373631396362330a303861393535313964306335313738
62373634393365396630383233643239646235613663613636313261616464616163616565643231
6133316233393438320a646133653834663139303332613565396565373331653136323265326662
36323532363236663133653664636361316136316664343734666238366134303431363135373563
37376434663738633664383337346334366330663732326439396332333836633638353562626638
36323634666263353166643165616135643132376462303430633636386639373338323335326264
32626335303736343338343735623561373866623133343665663039626361356338373064616436
62333534396238653135363030303837383335623739343561646131633261363363623665383365
66333437626538313066346464326264333865666562626331323236386330363364646439373364
62643966363337363239383263363834633762393434316338363031306566336263303833303333
65373861346661653837363139336532343633343666303437666436656661326332356364356333
35306133393535623964653661333834616633313065356130323235336465646165323966623633
37393163333332396164633435333635373437333134343364313464643638626462613766643862
33636663333435636438623938636465633431313437326262666164316662666138363861303264
33333763353061306565343833363763386161323938333837633265313031613966323866643962
32323866336630343366613734376665373134663630356563376463363936376631393365633734
66653264343065353638356633666331373463313534643266663263383238643830326130323334
66643165616661646436356530316130383562393239333734666463343135383531336362333463
36313331303836386536343633306138363530666464656135613533323333373936643730663561
33356434373231613833306436306531373730396130313935303261636466353932356337363561
61616139366430346666316535613134646531633537646331633237383632343862373662353239
65346563663530616266336235323965383230613038356233613962383865383639646266313861
36623138386434393363363661626533663737643632323536353466366161613430646333323665
31626162376161393134376366336330393635653665323030636630303636353336343231663131
39666631643832353837323539336564333566376135363539623234386434323937633431303265
39653765363431666230393530323064386538656138653336636130633338363362313639353566
33323965663465363636356433386539386263306336636437353763613264313237623965393963
64393833333338323865306238383164623239663966666431653462346631376461383939356633
65353561653962336532396364653362356639663465646633396431326266386165376134353139
62393263383234396439343838333734386264346236633163343033336132383734663538646136
38393832363433326661623764386263653732626630636137626437623437663637323931376563
66613439313063333961393737373863663065616261336661356463386365633833363164316238
32363262656534303263626633343165353662636430613235363361633061316232653031616134
38363534613737643766396563373362393539303965303235633838356339366164326261643039
66323632363636616331
