$ANSIBLE_VAULT;1.1;AES256
30346636333166356634653831333063346336343163666365323430343831623332386139323833
6331313364333431346538633932353965336566316363640a613033333739316563376164633938
38343166393935613666653936336361306430386231613634646433353265646233323233363266
3530343566633436350a373136623734643366626364353266633862366364616637636634386661
62393631353137386435653266643332643930313737336233666563656230383464326562666164
36336635316636343232393566333365663435383734383166643962306233303130323664643061
64383336613932326638346537643434306630646530376230333664306564643232323962353133
31643062326131376132386663626635363563323161363030383832326436643762613832396666
38646132666665653638313435346332643963656263323565363462356364616466303061323066
30656434383335663932613165663938613534393336653930306564323630326238343234346463
66646162336265376232333363303466653261353762346532366232313566613863633766316533
38396239323566356430373461623035363063376265336334623234363333343531663930323265
35363030303066303835373034316461313239666439663366343361616534613865666336663066
34636235383764353965643138376261663965626339353230343566373633333331616537616338
64336666633963323837326166373561313661643063383066616135656134633130306637643837
35643064396331623038613735313138366561663733336565353737383563366363643532363463
32326231613831316637383638366336353763313638396165393538646366333731623133333930
64366632646666366661376230313764656638373962633532376630613738383065643261326537
61383233616563663330316561613035633961613165363432666663666564346361306632386663
37386166323133316233646161666361383433626662353738393832343734333035633861363939
38383034653835326561333634613434303364323531663239383734333535303537313137373634
36363332313866626536383530393739663463306165636237363135343731383632383034313637
33653337616165623936363438353832646335643532376230373163343261356534343663393365
31616336306134623737343865663437303736313666383639393034353332633034346566316161
65303461306264373166353962376661386534303830663563636334383662333434623765623166
31653466343032366465303638383863396561646666653134383737646630393962326137393361
30303638643938366162663266616631663661656130386338396139396436623939393636383564
35643433326439383039643334383764613238663461343163343165613462393264326463373265
65336664393339326666666434323134303765393636376537646363626530313362386636653866
61346630353365623561343738353232353535623864636336303633663766343266383933623338
38656237306466366561393633356630383663373361366432393633626638333336663561373939
63333363323831396333313233613539356666326332623332336239613864393533643330356334
64626438626166653030346635326166333230353165643039343239306634303930636131333733
61383364653361643935613432653438393238656234623363666634623636633131373532303730
37653332383734343362313663313762316432386537636562346538323331323331663439386634
32306537653965636366316238306531383665393434643632313036356332626264663936363461
63653565626665363562376534313930376531653732383361636261393634373030393837363235
64666435366435633864643738653737613865323333656366663439313663373964343461313133
39346435373432653435643034383765356662616539323933383463626466383139313363613932
33383534336135663639646164306265363231633661656163653362613930333832353763666331
63363365316139363733323561333566386239373763653331663539663838616232333337306338
65343337326334323833343533303937396632393964303937343937373835646133393863303930
35386637316662633736336430396633313264386436356463663739316132613932306630663036
31613432313466613164353231646562373431383765613230313861636631343537306466346330
66393238343861353930623537646138313361383366313662303765633264393431393164636230
37633935643933333039366639353838386361323437343139353663356434666637323938663332
37336436653838346461363963393763346566313333363731663536623264353966653434326662
61316439383531613761323034643134643162653536656432663565333563653536346133386533
33336565353463633861323862633966343934303261313335343131646239646237313463633034
33393833396236616137383963383562353966626135613764633862303736633866623463616162
62356165653564346564313437643739323163626139636566636539323561313461363736353362
61323663653938333132363562346461616232363633323034363464353437316230303763663165
33633862636564363134646235343761313162633561316263393139373837646164363430666161
38333535333462306332663864363164323466343139653137306437326531363831636338393661
35343766343762366339626361316666666131643430303034366330636635316130313562323562
61333031613731646336643739343464626635353061363462323136333061366661373262373632
38383331616262666434313734663535663030366665613865363966613333376636323762303063
39383238313362343162333036303562656437623263323165613239393263366266313362363135
32336335393133383134633062613064626562653935666431613437393336366634626537666634
65376232656635353662343962333539323164616136636231653637353737663961646135316462
65386134313833653639633933346661616436646431363835336436666533643539393566313964
63633634663766316634363962303134636235663364306436656661346433643238383737613331
63373530653663303863636361616266373135306366313238326337336164613433633834386265
33306537336563666136356363623032396533373662376534333661336639646365376437653535
64336163316138356539336366343039306530366166613130373539333663393566306165326535
66633539336230366239323037376662393265646132393434386534353136353966613737356532
33343364663633353464303032656237663333356138376232323464316463343535353363383037
31303865643866386233343436346536646362386239366438383837386534653832393734633365
66313337373866663731653464373162616632393963623532613738386165636432666539386139
64383131653339303930336163623032636663393030656563353036303164646165623565613830
64623331623362376532366261666630616232653761656163336637623037613238353231353930
35303536376266333835373264353764666139643365313135633763313632303836346566623362
38653339353265356433356131323231636537343137666535633131313733353965376664323061
32656466333432333335383162393631323533666464323630643239303366613839383033646237
34353766306366313962353235393365333535613662633163306366626438656430666262396663
38333133316630386664323264323262303238363931613563393233383331326336636564333837
64383032343838376534616635633131356235366533313430363962636633656538656335653530
37303731346432356262333038393238383436303730363236353338383634363734323639623338
30393836316338363065333830623134393536613239343037386339303330646165663736363836
65353336663463346461633534303664366636646637636462386136636464306134316665333065
32306532376364656262373530323330653838383835373461663961653931313532646533306536
32663936373638373338626239623732316663353539313864373365353439383365316265326336
63656339313438633066393131356437633738663539646637373633386234303231653335666235
65666365643063376262383735303937646334613538336131333161383532326335336638383834
39326363613366386337353736633432363165396263376561303263653565363637643433363630
61666165393566353231656437313366643364633861633732356261363766383138376261643565
32346539393562663535646130613537393764623635363062396364346138346138653636303638
32393638613664353530633763633362626437313531396165633735653738343564313063383739
62396437396233663538393338303365643339653332393537333337636263373739643562343039
64303037336234373461616666646262663463623563346132303436333334336539373633396431
66323130326562613136323732393238316436306366373030653262376461326532363364626237
61626638343130643763646166313539343535343335643138393739643265653561336638623933
63366666316236613639356331626235373839646132326230366266623763613361386465663437
64643631663536363765396337656530646635656436373730663637663834343237636137346239
63633937663262313138623933383466653061303834646364313366323834303763636362373138
33353239363934396262
