$ANSIBLE_VAULT;1.1;AES256
66383038316438383734313434616266646234393639383064373433666535336339616362636530
6365656233343064333239316633346465653763326665650a663162636164323665636566363736
37386630343034626134666335343930346437393465396539623234636565646239653032333139
3937393436663862300a343462396432363061393135633365323164353230636334383433373563
34386632313332663666383666393331383363326530333734383234343133623661643663386132
39666635393738386463353837333962326232313064613036623861303439626165633463396638
30363038346165316663313165396138346466373462636163303035623230653662623934643130
38613739306136613934666565613266313934633839346438663362613134623630346637333765
64356234666338623264343564646231316436356462313465316237336330376564623766316231
38363737313539323832316531656633636131386331663036383861383830386139353063393263
62663965316230646537623135353438343365343661633461303237303861616532303239333533
65363933316530626134346639666631353836643039663161616239383236353165356132373539
31306465656531666465366233303937343534396266616464663564343638353437383536366637
35626436376631336234353564316666363864623932356137346439613637396265373566643931
63643333306538653533373861623234343034613431626634373731626566306565633066373032
39343435616436633232613032303234613836336533343436343164303731383162613662386166
62656164393833373432363632666437333562633739326366656337663963663339613663333766
38396435343033376633376462613664616361323032313839333665623034323333366630643530
37646461633164613162666335363261643065636436653735333236383063613735383764613765
66666530383539393139393531346236616635313763626563656135653934326232336433353534
61336631353631316164356566646133366238666635663631373836353464376135393636396337
34306532656665636662626265316131363862663638346363646266313864353235313761383733
66393936633465343365336232343064346232343964373931623035343866343166396339653466
30343333643935383238663537333632653831613735346664393235623966656462346365313962
31623536653732316165616138313963613965613966333232316662363338633661346266636537
37393338336538343737363661643263353437613734363663656632653765633239623765343662
66623535353464343536646137663561383431366234363137353037653235333661303430383630
33313637343564393264613637323963326563633136316435376438316333396331356632646431
37393735353938383832363834613131316165363637336162623462303138653338663337336336
31613262643736613531353532323831343033613762363835636362666430323665343962623239
61633064336433306336613637633436663532316536636330646434383633373433613662343662
65653461613764396165313131613466326532356430643733316633373037646263633730323637
35383864613236646563383632316361306135633866396539306331636337613566316433326536
32663339616439323135653436346433383634626164623561663438376534666561383031306438
32653365356532343331343763336537343635383265363665643636643163653333353230653764
65373964616464356137383062636465396530663136363532373630653766626363643831313564
39656162396137363064386462383337653262393163333963663532363866616338663165343631
34646438616430313461663664366334666138613666393439393034343633386662306431626461
37326533363066326130666238336166306633636235336536313233356165333766666264623963
63633735303835383366646535363261333631626137623533396230326136316235643030306436
38333165313832396662366238653361336562623562646332353731353538396336326261396431
30336138393662646366653738333030393765656334343535393766306630643430316437666663
36666562326132666639383935336366623566333762383235323834623336356435306363303138
63396531633833376338303732643262303965366237613930343933623362653063343065313734
37623732333936653738343833386138386637353937616261346435376534353935323430343934
33623065663436396136333033653464303335346135623533666362666234343261343763323535
63376136356635653439366338653266333938313539383136303437623036633537306330643433
32396636376638393438313137623433303966666630313137333134386366326630303032623332
64363563653366393161306639666136383464383034333535353236383635303439303132643963
39353437626662666239623139633030323837633764613333663662313434383066623761376363
37663133373366616266636433636136383233646132663430346265363762373261343535343065
31646330336233343361393163636333336561303334383437633465656163313934363833356536
32356131373862623834666633343462383765326537376261333933383936303966626164653436
37313761313639353564356434383863643238666431656364616436373863333862373632386639
63333338366364386435313564343066343333623063373835343166393034336635323865643731
30376537633530646631623332633632326531386361356665653238336564313064376237393466
63333933313061376333363361353632646335643963303261663036666365346432646636356661
63353461663763313565346366376633326565383138303435653139393564613934333130656666
35303662663061313132643138666136383362326438376666353232386266326238646265393732
34636164616666633764376538663964663034643163346237316136323965346536646136306534
65663431366266313237326461336234616562633036326331343935646630623437616339313363
34663331373630396361333165316265643637646266343461396639396537616462363162613039
38643666393762626538636133306137626166303134386230303338353633633836383636643362
35343035316665643562303031353233363137306364353666363166633435663036653834643432
62316665316561333666323134356233633661396336626534306466613963646165626664633730
62313832346439346336393336343134393133326537386235323431623137303864363733313066
32613237663539386165353939373231643331323561346139306331396431643834326330353934
61333236353835643361633561663063613364646337646435336365326163303230363531613033
62383532636466366665636530336434396434346664353866353064306635393434
