$ANSIBLE_VAULT;1.1;AES256
65633133653661613236336133663334363131616138386265373966306363353839663130373336
3965396166386239303935323237633833663665613232660a363439623034613963626538313162
32643035363436663735386535373165373331316631386432626232333832383536376265353664
3630643730346265320a653238636337306464636630623065373039393239613932366439396165
31306330653864353064313966313862343037386665313863323566373564343562626532623436
33336665373761336564303564376130366265396132333739346334383333636335653862346461
65326461623330396534363534616162306362396633663832663138353965366561653239646662
31666235323536663238656333626431663937303765313461333262613066656630333130393834
39333136613864346264373336393062313433326165303930333533363934313163336666383938
63353164633332663535313861656266393433613462623264363762326435353639613134353732
65303230313930323431633830646461343136383531633430633866653161313266653462396232
30616437333634373364626634303736396335656532376436383735326463393131633164346365
37393339383463636365343263343537666339656666663739356134316333666434656163303037
66356661383161396234366265383864336330636332396435633933633461393633356638356366
30653239306262653566616166666666313838656461393265373834316536363561666338633639
37626163613838396661356266336565383836613436336431376265366334353331363266643835
32326638353835313935636334646238653432373330386662373634383335336561363463643337
34623966316262343937343866313862376430376231383363356661396262316535613132666236
36366434333666313765313035313763356361346133613338643236656566393939633762323764
61336533376265613062666537646664393435313334306662363065373465623134336138393138
32316636636535373131633735326533303761653334303163356464643330323237356531663433
34386130383761383534343131626632326164613838393461653238323838333264646436306633
36636663313233393866376436353335376530343837353038393366346562643562343361323062
32616236303739393634363563383030376337333530343164616633633236653261366465393434
65313965656531383536633964666437646164626162623238393531656361396436333863343136
62353465626532663035616136353464656332633636393564373732346564623232326632326663
63633665363164643539366632303231643832353863363930393036313935346234343765343535
34353238366336366564613234353361326563353162323738653530613238633439623238373266
36326237646239613465613864316530376435626164323262373239383265626533343861303638
64386466313730623237616463613536643632646563313865356666393735316231396337643738
33393266636533383263336630313538613661376362383663373432663139623630393632363835
63666238386531636531336163636335653533653737613837666633393565633639663031356461
33363530396263363563353739643165616537353134333463343564396531663936646539623837
61343636323538323665633239656564656130643765323038353337396463363031363931323064
35616331333432613735636430633735373339633736333364353364333761643261363733393130
30323338326438333935313737326634373436323931646339346337383738373936393435323839
30396262373564626136626164353361376230373738346136623166643639653234323264316162
38623230383732356637666262636539623534663532356534393430396536373636333938343663
63336361356466643662653063323065353333323634626137333034626234623965383631383339
32356238353530323762633233313538656665666564303436363730663962623164323663646132
34653065336430396136643263393935323037343430306238386664623963373466633561303465
33333639616533663330636361636436616233613137616162346462336462396635383936656565
66613366313434613764656166323337303532623932643461363464653864393762336264353933
30646334323834646466363564643335343136303963376165323430666439346539323330326465
63363736343235363436366231653764376538366465353166393065343830343366656637636630
30353832373530336137313833623738306433633639373638333535333061366635656633656536
34643263383431636532633965393337383732393532636632653866376536313930663138316565
62316465633837333264393161613636363834303763663733633831303164343966313731363631
34333766613861653635323832393665633233356430643932383135666532303563393366336637
34623363306631653738616632323433613838393332633938613536306361663362343765333761
34383062353063326535313962653735633034623634346431353036336436323633613964633039
63353634663766346530393630316161656663346264383836653132383766636661383331643965
35646134363562653537316563386239376431613231306336613231613462363164663331643230
63363362396665393938646136343264353265653366386365376434363166326564353238316361
30666338356130333132613836333938313763386332663832613764613636306165643039396465
35646163383531316462326364326235386136373661313937336637386239303865303532386664
36613262343835396364303632306162323965393438623365313662376561646364373066343264
66656663303430376236383630396531656430366261666162643262306634363566653131636330
39323738663338396236613563353662393836643566396339613432626663656566343539323836
36303937333561366231653536616265623761353462303266653739313165643365636264656438
62633139613030306666353534613231623266656337373565616434643337333030356338663635
65343931653433633939366434383362306136633133323064346666663031623738333136643635
39356333326133376138623639636263663431636464343535383566626132653064646338346664
61323836646634326433666138346635626131653033346137313739373665653332333435376465
36386561636531623033383639623135323732303161373739326364396135346263393231656165
38353935393332303337323532663937356664356531333263643464626435376164616337646633
66346665313937616261626138326131633533336638393530663261666638383937633139333434
65313466303264396235363265656563653663633935663530653336323439646331303730353537
30616639313739386638623737386431393937666662323336393536386566346538616137326437
34623262323361363037363231353135663363343130666132356130656534333163653762346333
62626534326264303365643434646437613566313563613737353836613139303334323631336232
38383436633466316538
