$ANSIBLE_VAULT;1.1;AES256
63386139366363323239623233363630343766626363636164636363666664633131663166383839
6238316536323864663365333735333562633036326536320a653338373461356465353435613630
39393366383830346230646432623563643031306636313361636263386239623131336362336238
6665623764363262340a326130653665626134326630616630396534613738643934643032346533
37383233353135363738366661353738643061376131343730663632343666326530323964643232
33663132616336303236386433616638613435316466373466363134393366333061353862343838
66396330363734356465393662616632653966663733663362663265623430363533646130323437
62386565623733643633353136353761313261366439356361623431346433343735333166653037
61393837373462636238343462626333373361623131393635653462383132396133393936646339
39336262353664383932646433366365346635333936613961643038663937343636306336316638
36323235373235333765323239346261333339396531636637353761666236653864353732626133
62336633386562373664313538323238376331626534373239663934383361313438326435633964
35663733383364613666333561373662353839313366353938386465396330393861313262373164
35373237343764346234623363663139333037386234396332626236333235363562336463643131
39333839613136323836383435653663646466383765643530366134633365623931356131623635
31633438353661313561383232613131356462306238346431346162336634386134316361613766
61383936393432653538336633653830623266613163336437363033343265363261323835663636
61393964636632646432366132373432393637653230323034316536303665656232633634336237
39623731626638303030643236343062396538643230643837656330363436643963363465646365
66613666613763383134306338626236633732326631343466626331616334633961353366343434
31633531623531306532646565636332353231373939323662343430323633316335303863643361
39383932353539353031373463353135653765353833303633326130393730626561303131633435
39633166393765623730363834333733346235636235363463306262323136633262336562633635
33303039653831633132666262356637666434343364666532356638343362303263353863353162
32393130333131623366663432663135376366636330633033653066333833653366366464333332
32613161653633613132363562323838336661303334656333343032636666366432356361346134
31626334613765363633663963633637303964306636306236643464616265633061303335323366
64393736663037303437353533643139643139633637386135663939393339393062303939396464
36646530366266613133653164663731663738666362313239346663373938636265643930623231
62623534303262613831353136623662323061376163343338633035656564373166313361343866
31353566656534613864313931653034653764653063353439636335623063303239313362303634
61393630346264366565636234306138653063393734306634353732633137613334633531333431
65626265636263653136356665323332393337643338396330313064663563376661396264353730
35343937343034353336653163303462306362366131336262363339363362633261623134343632
30663064646231323363383332303031373965663534346639303135623161656432666130616639
30626132613030656334613464376166646339313765646436303738383434303362353736316631
33376331623166363236363130313632373232326337666434376263653936386564633664616433
36666564306663626364623465393465323563316536663930313236316435653436396563303261
39323536633734663835613437316236373532373265336637653463623566363862633663343332
38353138633136633136383031653639633339626634633566356234373334323534613035343835
61653664623132656638326235633339383665356163373632306564643166646564303835613239
38383137333661373530633331313466666661373233393432373866323462653339666535653735
64373532313535643038653232346433656462303865666432376337663730383337333961383735
65633764613664633237313662353162346163376334396236306364373436636133663131313837
32666530396232376166653433643031373364646461613338343135393335663632386162616132
63623363313634633766636563373261386261373333363233613338306465326664353331393033
66366231336639393238633537343362393366633135343362626333633463646136626662626236
61323364343966306230316335386362653837656131306432356434663866663131353162383566
36366262626533323232353166383630363738643236653861613036653934396462333833316335
32373663356438323661316363383535663263353831326337393536316139383966356131633134
61336162636364333736363934636463353534303432313736313862623361636336613464323036
37323131633430313266383230666133333535393933376665353563316134346634626332653338
39643632663865363463396263366531633939316561323534636466306265356665306362396136
32326234666335626631313334356263633233386363386134316239663730356561316236336132
63306665303639656537313964336530626664396131613664633838616338373564346231306263
33643736303037663439376464313362646638646266333364303462313637313765616333373530
31663265363663363930386135343832363236623930346266646230653836613837393665353532
61336538336438623338323662376437633734623262353134643634366430666636303631656138
31643365613264376264383939383130313631643632393166343437613162313838623232393830
31646166643531336138316531646336656364636666323764396130313563366434303533616365
66633737313638363166356563386435613731643066636235653531643139393732633562653965
38343839313261633639383662616464626431336337656261613863336638636134353532383838
63326232356230626563633238313065666264353339663139376633376466306131336232326139
33646133343933343434366232386636336662376134346166623366666563623136396265353434
61343935313738613633613361616639373961303033643036353662306232633732623365386133
62306364663161343430363863383362653365343535333730343737363531643832326364333134
32633561333934323733663563663661326265303630386537623338633638656139323634653432
65663633346230623139636132343365313762333063316634623130396339353038666234616538
31396232333965653031343162363236316466373031663637326634613639353463306638643235
38623066346239396337316262336638653535313331643134626361343635383735633835623764
37613364363537323832303035366234353536623662396330323039383031643238323134346533
31306361363735333735363562393032343665653833623365633261323535643033613636656535
30613636363433343432666330326463356635313364306366316662363162333363383461343766
61356665303535623736343333633439636232616234376261356163613062666238653262663638
37333339326664316465363639303166313634336234336137356631396530303238353261623765
66666131363063616538633432336433313164356662336330613137303735663039396163633561
36653338353863613130336531633531383065613965626235666264316237626661363261363732
63616465333662316531303037386636643561623134386563616339623930333137666362356330
30346135376232313236313566343633386161383830633230323265646236333032363434363838
34623364613536376162353638633066653530363833666162333763633133613531653333653136
31326265303631383835373738376464393032326336306630633337373065643837383632383566
39326233356665383238616666363762666531353534333031303534373635356364643632383133
66313963363136646638333238333563303532313332383931376261386438643533633233356339
38343734386566336339333366613037336632316262363361393431396466353431343462323834
63626462636237653366366463343234653561306162306637333836376135653534373932613364
38373237356566363835613433313535653764373835356264346638376463353839393639616231
63356464613533323563356238636637366534653835663132323365666137336333633561343562
66313039616630313965396361613339363632336362626530353535666465363063313966613133
32363266633331373739393366613237323835386239303662323562326166306362
