$ANSIBLE_VAULT;1.1;AES256
38396638643766356662633136643433323938356463353362646639373663336535313366623263
3038393238646431373266326362383134323231363361340a373136613364386466613035323732
38383930306265656564313035366438663230633836663735653463373264343731666163653033
3533653965373930360a646539323531336163383535613733356136663336316333383665383561
35646435303534636339366138633162613562623034353665373365613339663437633438626430
38363262396137316238333262613364396636306639616663356430663230626233313939663635
62333362313962326333623839343563393432323666376263363534376136303861633830346466
33383834626366383035346466313932613864336565353039316639376131613233613837343830
31356663386163336135356637353133306230666137346334646163333733363339353564363165
65633438356334363839356630353739346133326432633233383264626639356330343666643832
66386436633864356566373034666461363636653436336263363366373335306530323763353365
31363539616665366164646231363032336639613863336165653837366539666238363437386331
39386437653138623661306238386562313738323834393361663931656363346438303164333438
33613862353931653738303331383833393131393866653363646639323039356661646662626166
36343339336239636235643461623266363364343038623135316336316162653961633964326339
64343331623537623735363439626638613931353730643964623530623963663963346366366363
30303063323839363362396332336266353562636239636531623434623962383636356639313566
39313333353830633366396632333730663634663737326333666262666437366138656439323732
32663536383165306438633434373732306266336666633561383234643538646336366138383430
37616562613330323330376564333736643639643237643262313165383838643131646361623861
61346430316437313934613932393937393937343433353562626365666336616431393232373137
61393831333336386238396135326137313533316331656139346632663033643738663136303130
33663934306166366237346538633736346232373062316133346135643836363061666531396431
33616262616164636239613962366633656161653464346335613762353139303731616663656663
63623130616462613961636533313130666363386361623235386535383935363261653762386666
38636265323431383133633863663261353636626431396663663439633539343336373566356561
35653835333737306461303436363661373932313163353430343136613962383239373165633835
66366331653638343433623933373463636539633436313237343165323537326365313932373938
34643830303838303730653830386634376634343132656638393561316561626332303264653962
64303965373035353839626136343238653638623437666634373964363632363834656234353438
64623661613835396233653633363034333435303036633830383665623332643330663733646266
30383039316265376665383062303030393766303533666264363335623633666537383662663534
64386330306662326337333530656339316238316665633138363064353039376330663230393965
39393130626333336231333439656430613631333837666234393436663135373464336632306532
66323935316564363836666562666531623066363931376436396330643962376562313864373131
34383938653039653935393437333762613663646633316462343532343238336535306362643462
39383532333634643233396432313765343338323533356364343336376532623334383238393132
36663765663031633930316230633431356465633038346133633464613766666132643531306165
32646264333566316533643231666538333438326134326437343564633562313635343036303734
32633033353161663338303739663330316436636539366334313535313964656262363565656332
63323866303466336461316639643062643033326234663165636436336562396365653336353736
36316631393335346363376461623735643236313938323831613838633663666234343730666164
37636436386538316565353636353966303563633537643035393063373538303434643632316139
63326339356661623137303236313163323835626230316562646434633236306437323034633536
37393765643733623938623835373939636461373862376165346262386465306138343433303630
34643761616235336164633331646366316237396238663838336362373961333265366635323865
32326433616535383864306534643061326634613239333637383463393435373235313731636531
32653261613339623232643439313234376633623737363930653739396239356534356535663832
37313964616662393865356630373462303836363962353065326263376561663066613362396265
61346264343332383239633065633333353664363836346664663138363334663432353235393632
31623035666561666161313661663830343163366663663339356662616366346665343565636563
65626639613832633833323462633764643562336533366239393837336132623735363938643731
65346135656465306130346231656435626363316233393138336535343639316561363933383834
61343561353039623866623563313061363833666232623165336166393032303834366465393636
38333334633039303062653337663764383730323236656566623238316365323935643533363635
30383761646231636330666136663233386632633535646630363131636463383336393832356263
30623239396537323231613333373630313737613437623131313733306439663036663137363538
37356337633365636563396561373762656662626639353635336463376331633432643133396564
66643964353966316266653430653535626564376637383134366565353236323538363130313664
37646133356264306363313035373538653433333631633632353064653034663631313861623963
37356131323164303035366133376630353035303137643639373937383431386430313538303336
36353133356533616161666335313632333866383734333634333635613833663661376630656632
61613233643964383433353732356239383634663738316562633263623963653932643466333636
64666330323138323632316530316138303564393565656662656565323536613864633463653435
30633166353733646365383634313537613062656437633739366664636136633361323834616564
65636561333964323362616661643034396661636266343862363937303235343632353765313065
37613831333163633163376437376533383832333332356439323037653738366535313631353535
36646263636533373639643930626235346463373735363435376336656131323034613230626531
34666234646234306131623337333565396531646234393031636330363730373566313630333936
66396230633434383431323934346663636635393061316534333039636665343463303265363865
62316636313535316162363030653432633863343532616265323065323265386266343231643938
64303533326534343637313535643832633033643232313762346335313632313831303237376438
32343465353533366636343238326331346463393035326137343462613838666533353337656633
31633236613539613338366530396138616666373833376239353834326662386335336331336235
34356164323530356637646566326332336466386333653435633361376166323032303233393530
62346461393436663838616264626664323237303566303563646238346631393837623264303132
37396662356437653232616432333663343832643032376466646266653566656135313932306130
64393631346363353062653035636338656336383431643063663566343636366536653739626465
63326433373462386338316463323436656239373135323338333636323661366538636661303933
61366230626365373038306661663065633230383034623931333461643465633061666233366335
65386538623038363035643762353865346164646664303033323662666633343564343863306135
39623930363935326431396337356331333333613661653561623762373862663936303639333166
34613134653734376466386165346363346130623465323336336262376461363366333535643666
35313665323565306432643039373335643533333033383066653538313537636337643035656636
64646630313265376464636138663733646631353935316336653864373136343663386233353535
61386463633236336135313336313333613339626363653938646535363963376335616334363761
32343832396439393761636637326337366562663130303638613565346438363364366237303535
38646139353165613132383032363166303162383162343565636234313364356164363039383464
63303332613562366338663563343566336636323630623363336666626131643432303931636638
39376566346137306162343964396564373732313239623063333237333337636631326232663236
32633030326462626535656663653432633737346337366532323962393666336664643664346634
31613563376666623037363363336230373766636333613730653362333536373366393663656639
34353263646161616362623534353436306261313965363035303466623666393631626232663434
35393231623834666636303466653861383437396464333666313530613462616466643432346661
64383031366366633035346263633466353161643264306638316430333439396332336165393832
36343430626132666334
