$ANSIBLE_VAULT;1.1;AES256
62663836316166363834653665383534376235343531356362646338393065643863366130663234
6532373731613539316237643563343838393236376532640a366163386664346564326662366335
65636239346135313539353239306537333263663365313866346666396637303462303561636636
6231623865636236610a623530326236633437396235643339353135343334623835383864663365
65633964333930353139326630343433666464626439666137613062643765363339653235653764
61343961343662623633363936333230303364666334366135363431393031336230333635636462
64653263393930353662393762623734386530643565363464613937666666656139393730653733
61376362363639393436656263303164633635663961663535353335333965393231303163333230
63303364393263646137373066623463363237376436323132303263303364643963623035353133
32366665303361376163383064323638363636663031623766376636366161663333356431393364
32303735663961323864313863383565646361396536323239656562333862616463663632336438
35386638633034666636633337333965396336313834373439343839363765663932333061383261
35613339313836323666373831353866636234646539613363383633303963633232623764386130
31383339383464366134306130356466353261383435666461386239336130306131366531383161
32396337326366646133653935636134336563376337656665616137363466376337343362353063
64356432313965303335393036343864373234363062636538666165343837393862303531386633
62393061616339373662303735326261343135626139306164633963663163663062623839323065
37653333333766643536653835363066623935393666313136363538613732616433616464656432
32633137346134356139386361343864323733656438363061333135646333393761323662653866
36316230356631326530393430373433333064336633363561613163303132306463656139616636
31386133386630616235393530616462666438386466373834303333366236393436306665356234
39663235316635306661616335343961623333376561643633353335643632336536313937373830
66393166336266393938633330343866323966626462376166376135326336396135646636386632
34313232353766303338636139393265623737363339356264373635366433353165663563353233
64303566643138623839333134336536373438336365656538396266646434383965663163346161
30643839303730306164346634623339626665393030653166346631346266663663373830396661
34386234636338323035633362643861306537393438383434643031326162623964386564626364
30356161623165356566373062633064626635613338303436656539653133363837303432353061
36633361393530646234656532326338663832346332323731656639306234376334636565653033
62666239363339663036393663376235323337363863366431623735643363303930613561616165
30613563656164633264656337613564323762393037623963633830336632396232303335646364
33656662363966383838313165613738303032396362646132386236336461386632386335663336
65316630636632323161323733363437643538656533646261613330323064613536663532663736
35363061366239366564396161613532323934343861643230363138353166303832323035383761
61626437663838383965393164303764316438386663373232333739343765376366376363613766
32343531393261343832643235336466653233316235656430363261653931363361383665616338
37316239653338646136626165336363643965343065643562323335363166633637383565366135
38653065336430313532633139346265633333326366646561356362383731343730646339623431
32386132373033653265633464666537303164386566393066643139393633663862336637613163
35343438346538613262343830333763356264363836313937613438373632613032643535656434
36366131663633373635613937336233663931643533396233616164633762376233646136393831
30666338316138343831383162366432316564333764353337636165303466653833313365316165
62393634396165616636613632646134613065353439663462343036663565346561326435636362
38393235663363633666323866343362396264376430316263356332386362346233326361616630
33656237343935643135643962343730353630646235316339366165343732663338386365313264
62613430346332393235356635666630373736666439663333353465373138646234666234393037
34623933373232383362663266643566373263313439383465383130333161633933333533636437
64386461306438376266623761343166373633376538666439646137636631653935333531323539
34386366643230356230646339383963393933386539353539646439333338643730346665346266
38333261376332666230653764316434376266626634623965613734356165386661616339373561
34386663366563343462373533653530313631643162383861386464383737646432636565333961
34303338666132636564666161373530373838316263363232663461653465393736343364653264
36616630643438373231663334313130653831366366393065316534396133616465666638653330
34313137623430313832653462613833633135333563333665613935616465363537626338356235
36666163323466383139643137313961393536353639653530366438646532313237343661373833
36626639393334643166663738303835336332623932313636343166376637396630353036316433
31336635353238326261643436616232386666393532636635356563323035313131376265396236
35653237616466316237383161323366633733313663623162376164663138643232333239366238
61316566616237626239363661336330336262643738306239353734323462643036333730616435
32333439633864666538303733326630326437383761333438643863363964643333356665333736
32643562303132333262646231383463353938326436316166666532626433313265393535323739
65373133653163353861323864306339376335633665623861306333626264623730666338643362
31366431306362666135383831343162643531393662643265383564646533633762633735663032
63323937636539643764376666653934633361656539636333343566313339663164333934363430
64366363313137373333336537333565306232323531386434626165303833616238343338363464
63313539663163303530626265393030386134623635633233373432393264386162393033333439
30316161653931353237393134373032353035323039643731656635313031643037343232363564
32313233356535633666623333636164376161646465333765616464306231306236333866663038
37653831336230643162386432663464373539663063363439636531336137326134313761376530
65653764333435313563373561346266393934313230623631643033616163663135656631373334
38643630666630326166373339633138663330373330643538303334356634353565333439386439
39363362623134613963653365326233366432653335663965656464626162393436353836303566
36343338393439656234666231643264306666316433363862626138613565333131616561383737
31663936613931653631356635336438343962643763666332333139316235316137643032666231
34386364366338306136616531356531333364313061323637373633653265613130666638303565
31383064633463353431626131303437336163333365333236333431326433633866663731343562
64363134366631313837366163303865383335343537363338313031646134613632616637316139
35663135376537666466613762646636613236663335613866623761386431336463643732623164
63356365663632656562323166623238303863656433653039336530663037633661666530653536
62626262393862323837353361373031323362326530326438376230653937313135633432393038
30313462333461346438643662313832656537386362306130376336633536663331386432316361
33373537643636386238623563616133376563303738346532646664656361333536323163313064
34383139316535333534393832643165616537383038393430663330636564326233656232633239
31346533363736353237393663396137356566336363363730303733616662323835613361363836
61383736353361383163353736336264323830356439353030666366663862376364613332663164
33613162333264333464353533643339633965386235646663323234336265376434303365643831
61643233326335333434666138346466633434653262313765366232306130623136363039623531
38373235656433383961343863363663333838336239343839306530616236633235656362393766
32636339333262633532363238336634393132353332373038303532373333386462373361656333
35653532373239386438386339343764383039303837336633336332303230643162613261363830
63366132366666626534396366376333306433653937663235633037393839363462636661663338
39353036663031326666663737343635353161633164636362646139316131393435633034396265
39336263323162346438396237326262396638653662343364306231363663383963653163383934
62333863623866643433396437383836643561613539303963386532623263393632623035376561
32393566626231646266663430646134313838623563363030366137336264383465653232643630
62653335313761353235653034303236336331316238363762363331373938656461313866623436
63313566333964616161303134326664323334343133363934613632326636376264313036386666
39623239326535363737363439323035303031663961393935666134316464366537646661616361
32626564663231653937323130626561333165613830373634336661346261666430643062396334
31363538353663306662656434356137373738323330396430393134633130313639353230386334
33383232386164306131653634313037316436366230343461323963393133373431336161386265
63353866343133666630626336613037323962383437613263303833636334663435643535323632
62623763303930396365323739653261663634303965396165346264353931373133353935613364
39383263346462643733666131323865396465326632323434613565656162393435373465636637
66613064633566663336663061366432386137626138346437343263303434626437346235366132
66336664613534313564663337626330626164653464623765343163346266363932373962306139
30326333633162316336336331623836656236653761346335653566373662643332356562333564
63356334656538656433636539303237336466616537666533626539626130646561353230353963
36396332356637353661656561313431613639643530303839386361353934383534313033313134
63303639666266336236353636636136323339633236303163343631623832613636393337613236
39646665353338616236393563326333303638373635396462343933373832396263623531333131
31633062373863636238373761393133663463383963346463383231333161383131313731383961
37336539643761663136383863353537323166656639643234346166326564373562646330303663
33363330326331306634666535653130323639353139383263656131656538613636393337323934
63303832343334366139653835363261313461386435303934613863373036363265616633316262
37353565633038386137316433323535623037346363323535386262386364363462383064633364
38636630613163373338353937643239616666346464386335353164643638643965383835336638
64303866363762373833316464663638326264343064353864326230386435356664326339376161
61396539643231643832633638353063323436313633613831616335363731633463353339643030
64373230393235323438613432326563646539373937366461653033313131623563326665323232
61323731653561396266663366396261626263333166313563336462363335373935313662393439
34613964363366366463613364613862303333623064653334613636376465626366363131663066
66666439333031313137326663333964396663663834306532363163316232363964623631383336
39613033323630313539323565656637306536393665656363653332666131323336376163373934
31393730666265336265643963643938613233663536626437383066346432306630383739306634
30386438343565663535343966313236323930636533333636393334666432346164383733366162
34326465626633613630613663336362663939653963653366626265366638393330666431616138
31333931656133633735303961383132653865303737666565636336353037353832306364613562
36303939633833386138663565613538613234346639376132383161313034396661663866343265
38373033363138343466636561386335663138336531626363386163356462666463353166383133
35633833393463616566633530356336353036663133666539323131333139326636353239646438
38363865373734623731626164343161333565646566653137333964656131333632356561353761
32303862663737343538346530343131616465383863623630366165613338343662333563393264
65336262356437653466313264303561313638353562383265393235393534386534663561623366
32633765366431653933373039356562633362336135366138393335616238376664653261323261
63353433353331653337346639636138653935373532353439646438613733356662643230323766
6264
