$ANSIBLE_VAULT;1.1;AES256
62326637326565333735363734396633393633656366313037616236623332396539666636353564
3332386663626236616564383733336338626238363036640a613833346564306464356561353131
33656461633839636231656633383930343739373131623930343135373262346435653039323165
6164666561373433360a633639653630643531633333383933306161343231393931363062636434
31323735343362663865313166353662326565376339356664333932343466326538383366356632
35383933303134343265393034643664313033353433633662353135336537376636633433383065
65633666353838623031303563613831633261646465393132653936663438373036653130303832
37613366346666396662363238363166663165386265356136343530633632366634306265363763
62653239656337663265323430646633383237303463643662363131633062313431643766396265
39626638303766373530346364326436636534373536663565333436663164643762663831396136
37303432333161393137663831326264636336343865386338376433333937326237306564643536
39663364623339346632616135303765643765396431356464333331346131373838373838323331
34386262356131316532393839353735653039373136333731636563646564383362623532636135
36643131613636373765383065393738393466383539393430613834653439653932323762353038
61643662333033376438653538376565626431366338303862303438353664646664653064366233
31393462326361353866326431613533656162336664646563353363316334393633383966363064
64663662393232626438326335303134613262356637313230303766306437313365643035303338
65336136346332383931353835633834326234636336363833623437303132646666356531376336
63343835313164616230306362323035383431646337373634613466656638313266643764623933
36376132303562373564363365313264633536636634383032366464636339616365353136393162
36323837306231316362373831653064626464353762663937653835643233643834396233633761
38363365643765393666646530393536316431376335393533383233346537613130646432363832
36353563333232323430613037313162616265353634613431303166363031663863366134656132
65613265363131616130396534623634653138396462366237333861313435356364386265653130
39326236656337623861306633363461366434333063653734356163386365396237383165323030
38323966326134313539316361386437306661393938633066343632653436646631333139303961
64363339636263323064616663623434313666643035316466663833396364333735383836326562
37336163376165323864303766333864326633373534663463653665643231313763633530616136
34313431653165363433383538386361306464626131313630393362316232383934313934656231
37323863373534393466353063633066346364326632653036663436633161616631343734393035
63646536383633666330383634626139666238383131396666336139653661626339363334303036
35616631616635636338613833303430663139363431383966373330653162613262613834376364
62623461306466643930313532636266376562626639326466396232353661383762373730613330
61323562636365383364383032376166636238343765343330636235663334333563656634313165
30366138326465396637656365653438303938373561313333356362663462353337613263613461
35313963393137383937326230303661313938643334653436323237336439323361303164326332
61396466663162663935336130373638386631636163653838316334346134303266306230346534
64626665303962366461393466336532333664323165623935393133343334343161303164666361
35663337386132303737336538366335336438346135313935373338616235356634633964653233
66373664346437313234343361326264663262643763363030653939663664373138383037363365
30646134343763303437386333616430303961623266396530333837666162636234613731353664
30326334373638333739343339313431393638663363393931336165306434363264333935376535
31323266353163376535633035363439343338356430396363316438346238366664363961653162
36663564383936343738333031623563666266663861396332333538323964646430343564343039
33613638626134336635356630623332623435333332306433343837306461393365386630356462
35313964613863353630623235396532663631653261303836653361336161613835353336346636
66346136343230353937346662333363336134366139613863376561376462653865306264623336
33373263383837636134626338656366666533353864616633326433623731646433313963323664
31373339633232333962383131663561306636366661633638356564643735326434356536323537
33653735356333336261663235656366396136626230643566306166326465343531313262613161
39623034623032333630613966633062663631396339343336363432396136336239363565613937
31663463373666333266363261616663616662366265326462386436666363343664323132333339
34333964623633613063373534343438653035333962653935343435303766663638373038633164
65656431333036373832663064326138626332336430633262613639646266336264313437326433
34653037303136643864633166363138306231373962323239663462323533363166333465383164
61366137393264393038306536623564363338396165306634383861393661386265623831626564
32393431663839383135323330363934646132356664313063366164626231356630326636323235
30313965623638363963353130643138353532613537633138653361666231306137633333323362
65313731343566306264323264356430643864666430366630643335633361343037323532616339
65653735326166336561326530343430346665643566656130623363336636343763383063333066
66623965613130393166336536636266366664316130646138383364343035393364623733326533
39353962353162323939353763303739356536326364393466343063643838383862656136373038
34613862306536613461653536616661306238623539393636613562303230333334353766346235
37366565613264363565373632303035666436616339363432363735373635376162623164663464
36303631643937343730336265386561643162376132623330636338626461343732656634326133
33306232346637323166336161666533623361386165363566383531363339396666643039353531
31366461653131353530303734343965653739343036313335386231353533376231316533626364
36343338316234383835643866643464656535316439396635626464313935366330626363316663
66636665646266333162353231613030356533303630316335363135326265653863643462633933
65333466393037386138366430643165303638326662376166383133316365306666393462373266
36373862613866363230643561336438636333323033386238656263333432313138363832643035
66643035363464336332366130393461623363666462666663396561396437623335316432303364
33653934363438633030353032333139383766303063303766373137316264633532363433653531
30303732333965393962623465373834316139373062633437623635333164366331346339356536
36666332356436346466393664303466303031393732323130333733373935366330386332383033
32353566313730333266376163323934306634366136326366373761633433636664316662613431
63653835323633353465393130623730306130386466353034343537336663303138666539356165
34646663363430313337613534623865373636316235653864653261353732346566393535396462
61323435613866646161383335346138656231623036623232636262636365613931396639613931
62343830316130336431303533313736306239303134643439633435613862383264373134386434
31373263633733316664353332633866356233626365343330613566393430313238626561323931
38306337373132353336363236663363323038386232313862656563633464393432396365333738
32613261346262396537373763363339363261636364346537636135306132633936316664623736
63373165353932383632663435343537643662643934613431313532653830373766643234323930
34653630613539623232306636663638376236393439376130306337313630363766623665396166
64396661623437633262663237386134313339613632373562333335346365653033336335656134
37636664343135306539386430313765326332346461636266383165353530633865353531663761
33383634663837376163303961623136643035636635366336623562376133386266333337616230
35393036666164613734303732303339326132333563396131393838383663353838313661643362
32663761643533623264303531313236323438323731313237623035656636623834316239623330
66306631373338633766616136613962373839336237323931393831383963386438346463643637
31396234633662363262316532663039376136303736306164633664353635363338313733623963
37386565323062626639646431623466336362663663336135663138663063303662623933623138
35663233653031323138323963633031383632613861663133663861393961656537643738313962
35306131383334316430333766633031643330386462396337346435313034353938306261363930
33383031393662353339646531383636323736363237613766613761343231666534633363303862
34356431643135326138653539303933643463613366623363306462633035363038333333613236
31613031336166613131653033376439373136386262363762666362343931316137633938376136
31376234323835373566666137383038616430303730396136356639313131363339626332303839
35313530383333363764366536323665373936616262323462303431353336373566653561653663
31613038383263613930633661356234346162313562616365613739386133373164313630623662
39306133623433656233653936636264653764393637646162623231373064313532396137393263
39353331653035643934653062656663353239333665656464313161643962643534616335366663
61383932316366353730396331323566363362643932323933313265333166353436306462336439
30333139353835303734323661643063323531626637393630636164643137383832393734323538
39623836623038666231623966396136663435363738323538363531633263383864613236393136
61343536323263383539306231636562646131353233636131656338663162643336393139373935
33643265393539326431393232393336346631346236333737303061383334363838316135653831
62653635306234643939363330373963396366633366613034363466663835336262313461333063
36316165636466313530356330616366333038383230323535373939373464343465306635363033
38363564326238643165353434343466393233356163343337663764643637663062626538356637
36666533373561396631353238326434396632623635616135363063333962336433366433306239
30386437346662616430633866326666306565303736663566373631326566666639306536616530
35633164646234396639336464363163313031356262356136636433656337653538646362666132
32326264636632393534643762613837383161346438643138303934346139613831336461663738
37353631326163396462386436313030313434313431626466333032363261343762623032663537
62313462316233373833313235663031323339356330653262373365363663336136306335666539
34306330346262396134373434336134323937353736666266626433386530343433656238333164
37313031326565373930623065633633333734326665356333396530623239363534316639363632
35356332346166616463636466326635386336363764383537346166633166383166623464363836
62616635663434363930616532613862346139626537376263613661363864316530616435333965
35373732636366323730396463653864386635653636363738366535613264636134363464363261
32383731326661653062353434396164396137343065653733333764363031643437363036333561
34316235376162353562316234363538313964613033363466303633353063386538653032376137
31393737643262316130646663653132656264316261613462613263626163326134653330373832
63666436616666303031623365366465323431333431373635613632353166316434633335333230
32396237363135366636393838653966333962313236303036646439643234383438346330306261
39646430326434646635303832346566656337303763363365386534356135376537386466336336
35643735613036343735333332656231333838643431323263656665396331653437643931623336
38306430353531656533636265636566366166626337613836633161653137313030383538653233
34313335646536393338303161613336303334303434306630306139666465343034623533393138
36376639663736343330383130323132393563323632343361386331343866646237653762306434
65303230333335393136316535363536616465396361363062363638323961623538333830393863
38663937316530396339343639333061616533366263366163653738393365363937376336336665
313537396361613766393635636338356332
