$ANSIBLE_VAULT;1.1;AES256
62356165666536393039313364376635393036633932373037316264346433396264633164376238
3731656664363839666330393461666461393562653830340a653861346435623230323961633664
33613538363637313537313034366234363037623164313761363730313039656539383236336134
3232656564396430350a306666336265363166326661316261353539613962393236326665353736
30346666656361306133643163396438303733373565363636356433373738336365373633373739
38363134383437623366323236353465316663666637613333393165653638626634393036366236
65636633366339316630393266306236303566383532383561356339303730663931346339346237
65386134393136346263343438646564373638303034613532643237653830653362613837363462
30613735396632303239386631363561383637343966643366363337303266646636656439346638
31616636306663376464623962393965363634386564663635396463343834376261623065616439
66303062333236306537313264666231373532626664333034366238393632326166616239373234
62663832643737386638363563343434346435346365663263313439653238393234376237383662
37363333646364616237343130323961386631663261363833376639626237633039366662636561
38323132316631636633656630303137363262316634363433323466346561393362343134316561
62366532393332643135353165666233373830323536336466613735396534353432363838653534
39663763386236633337316430336362613639386437623434626539383161313639626437306637
34653433623762396433383535323534333264663661356430373663373461373637663662366435
39616665353963643334646638303362373430326564386633333030653639373163326630613135
36346666653833616131636235366534643331656333363331383939656139343136613938653661
36653036363761623735373031323661343232316536356234396266666230303864613836653464
35313434663634633164313564616136616238343762323132323561623339306162313631343536
34376464656534653362613966353564303230383563656162633232343231353263366638666332
30303732653461636537346664383430613030633966396636313539626138373830633236363230
33396438613638373335383336383934663434383764623232356665613562356566396162303534
32373630343063316239646435656135303565623434373730326537333863343334346362643335
33353463323337623232666364313832363836303362616632343730343232646439313562396665
36383366623833353530396165343637323033646465306332643265303237333464616536386237
64663737353731653534303962656666303432316131376439336538646534356562336539366334
64646531366139326233353763393938656434343630343333313430353366343533353761636466
37353863343639366339303731383565383036633463306335323166323062373232363035613864
61336432666430396562306531353665313832663934343134653666363731393966353932316231
35646439616565373463353334373032336639316334636338326230613237346462316533373461
36663336393038383135656235383762653630393538356461613232643732306266353635666366
31663033346331623861663362383863303666353963653739323038376237323436633137313233
63386338656434383964306533613364623134353037396663346530666336376461343139336566
63323238396537656262613066313734373234623261613764306138333430376537313233636534
62653339626638636631333131383139393333653263313930303137353736356232363736666462
62376234623930633838636630663631336561373935386562363939316364626463313066323232
62623732363731336432326264316466613938336139616166363031643030623961633438346461
62316461346535343332346534363336623438346462623831343332333366613836643363303464
63333966623639333638353433616532353036316635383738376639373330653261326433623737
36323230303136613061633562333563373632643465386465666431376138623937623931393439
64636434616437323634623034633634653438643764383865616335376431363537363865323135
66636365383333376336306562363232656466363730633838316338303937643734383536653230
31663764323566303036663630386564396464636436643736653733323732623038626434643334
62323966303036643766326163646566393132633732306431633364656135363539616162373166
61613432373064623765326364613736343765623038626537353139363162363965323630623832
34666430616231656434386632336133656366363266393266623935663633326562623131636630
36656533373937656666393334376632303833623332306235333239623933386136633437656465
32633762663639313438363765343566613230626234616335333962336665613336363637646138
63383831346333316463363633366137336661386462396230323732663238326262623564363261
32616266613239323433363835396666636230323831633066383561353130376661636431653031
63393761663833633134363132646131626638626632633962376462643637633466336566643430
39666634326234666437383834356130346666636232656134623432303030343533396562396236
61633064343362666365636235313535336536666461633361333536396235613230316138353036
62626430323336376566646665376166303162613564363233356131626165366166636233326330
61373835363461393333306631636536633430656663376633643037353561346461393937393862
30363833386137393863343932376564313064663733393532626135303561303538383161393937
35313234663265656533393930653538653730616635316139393138636166336163623637646465
61633162343066663762613432376335313230656238623364653161333736653730653437666439
62393264633162383638626533333965386436633637363434336561623333376136623662346430
32633463633064313630633030363533363966343862613833633461643231343735346365623137
62346439323339316566323336313235623164306462346562363235356363623164316333303730
38653336303532626264333165333436386166623439623038383330353833653230323764366136
32643837336232623964643831373164353731336166363765626337323738643562393137663633
64663835316330383234303134356532643433316434386562623236383965343065346163323236
33613633313536633665366261393332663936663365393830623535626439626436333737636264
64636631376663323363343666326164366238346231633932306533656238623065623734333133
33356266353331323463636363386462393466663138306336643830633537663337386532366439
37643836623630313665636335656264323835336436373338346338653738333363393163323732
38303330373662306334623634336633363137303165303335383834343330363864363533363632
66643162643439636131316262376666666431313066393534373130383964353761363664353436
33663835626139313762663165383638303365323463633037373936326531363137306631636437
62363964666662616235343934636535313533653733383337343030376533326665663534646530
30666534393464306336353861376233353462383537623235393539303663326161306635613939
34323964376539306436326631346363306337353036343731333030633262333761333063353966
62306236393738333161303639383230356536396336356364663538336434623931306432653039
37343262336463663437666334656431363130313362626164643062326339313865323364663063
66656466613863313937623837323938346165343435646565663261613933336265653733643738
32316530393563303861633764313963346636393866323964326531323934356334616465336332
62393233323364313639303665336363333036363866373963613233653032623738376332313539
62326134393738363032633330616131363137646461356563303033326239303430663935396239
32376434663835663161323731326131346566643934653965313762366131326636373261333061
36363061316266333134623332643434643766653338633866323866616365623464353764336661
33633362336231313030613939643137356666383037653032366230323139613038313936613765
38653538653632643164303030316165613765656161336563623261316439636236306434303632
63393932656366363932646465303935353437623566383536656639393733373838656235663966
31353332663065363066383931363634363964333864663930356630316361323336316234306239
66383366636661373839393062303766626630363332306431383334326231633734316331626136
66636635376235353336653731323832353061653137623536666538646331313132653735333738
61306539613930323338353761623031383637666439346339636162626539663234313930646166
63303031303063303665336165313165636139393763356133353066363666633235383231353132
33323866316165396331633966326663386239393332303630373233396566663239313736666230
36396131663763653265303637356534363433343933633930616663323631643666333630313435
63313833333465353138646563663939386636633431366334666637306331636366366233396130
66626439633230383330386337623535356365373736393165666661353233646633343266323835
31303564636561393039643335373934363563316637343131396134386434366532333562393563
61323563313261663561303139653865313536663030303666353361323566386333333961613562
35346161613561333139366632346239623131336634656465336364336563383536306633633135
66646233393031613464303230653162663261363236336636623531643462643637613332376335
66373364336164626535343834313539366532653362323635663830663832306463626538323530
33383264323433356561326634613136316337666231643035353830363330653461326130306232
36383635386665653634356235393362363531386137613863643664346335626466646662326639
62363635343337376237333036383164303162623531623036656365343861326565623539316163
39393932666333316631616438366361356538653834643832393331396232323430363766343464
33666134356130353534343233346163333161393934396538356431636135613438366263393036
37633837303531383531376331303638633134326635313135313839306432626332393766356233
31343262333536323436643562613263343034663134613930366336663635633239633561303130
63306664636663376530336537366339373038353837393030346133393238353332333863393437
35663762663830383564616165363839313734363730303936333139353237376365373739373132
38383739343433613962346463346564666263663032666565303939376463313435363463393531
32656634633837323337383734303734313264613332326234383537396238343361306638656633
34356564613066353530336361396238353239393330326337376337366337333263633635326566
30373866336661663063303234643437633233333165396139393764643239373736353564653737
66623063613433393736363661653061343432373437613038666637373730316531313865323131
35353937313430323035316235333337633738623535366139363138643361373430643839343939
36633062643636616332666234346361376163323430393936323231313865363630356430303232
33376463653735386331613461666666333932636564663730303565333663336563613364383131
36643136366563663563663633363961613530356335613363613761376361363539666231613737
35306231326538626461343663393431333733353865376635316132346634623238313436306666
33383363376564363439616532633631323435366562353238363738643030313166303638306431
62636364303665646439386364376133316437653033353763303662376434626139376263376137
38336561303964623661373031353365323462353636613738323264646338313239633966643766
34396564353231633636663565366665393064623662336364626330326565393738333930643234
63366662373837323962356265653335306532383737386532396636626466383133373538313532
36323961626132303538626462356461353161663533613461313164363632626666626565613632
66346662656661616638333736373637653261613632343736383962383633303663646264383361
64626337353664336330353063333635353565613665653936316638623337616633383134653136
32663133656666656435666363356434626634666463666434633335393431373930346364313930
35356333616134356337363837346231336630623236303165616231623433313933303166653861
33386366356536636230626538626332373265653961636538646639643434353732306261616161
33666533663533663530313333623439316631306232643337623464316430323362313434356234
35663634383235393336376433653762643964333465616534623633393165656562653966373366
30363663633936376561393839393362313235306237643763393239343535363434396661663437
33653737373362343261356639313861393135613462326231663037306366613130663338636634
31323339613632643461653137646231303737653066326131653539323038393166383239343631
6164
