$ANSIBLE_VAULT;1.1;AES256
36396665373434313834643537613265333638343334613965646265626563653362663165653962
6434303961623734343964303930613266636633356534660a363038333962616231383966626338
32336136643438333936613733346261373036643364646465386439393536353162633736316263
3865343035393136350a636332623561363662383638343061396463646237663466333562613030
30656366393738613261633562303661366531656266346666353536326236373661646437353964
66336635323165346431396633373131393136373432653264366566356136333937393234653436
35666139376632396130356539356461626263383336303631393930316562323862623831343335
62303063636333616636633564376138393338313739643734626564373534313934636132323239
32386561613235343266633861643838316636663131343230376561666632383662346366663233
39343932336465366436626139636664336362653464633132373234633063393934313864336163
66636464383561636438613932313866366166323963376139326663613838646133666433356135
36353231373132643436666163663834343862636230353139323538643761363965323031646566
62636539626364346237303062376664653562313836663864356332306466376436613033346532
38326636336361373265353962656532396566636231383264646261616331326432643137313530
63616433376332303034303737616139366239633430623731316365353366363337346531346131
30313663353438336336316533306431656462633834303936643834363164373536383431366434
31343936633430313739376634626463633137356163653461326461303762613164343261356633
62363634336335346139316636306430306138333963366539333135646632656565613436323339
62616239633330306338616133396365373733656631303364306237376239323334386438326234
39613164373833366331353938376665636238313731353165613266353632363230363834313661
66623236663161353066626238633862303366643032633364306637663932316230363362396534
64336264656335363664326135326630373635643030366134653533666334623936313462623035
36373138346361343533366663656631323335613431613937653534383537393766363037646535
32653466633765633664633333336132643664623766666263316335373238353632656434366364
35666461636535393665313833633837303835316336646434373533633163306565353534666539
66333739326331336165656262633031343639393538663031656139636635396563663065656230
34346635393566643930393233623861626630643431376339663238633034343063613065616466
61376465396661363936323563333337376337386432303263626632393030663632306533656337
34363132376338313064633664663934353530653630366231666232623638393136663035373134
32613332366337363263326161326635346665396134376432343132646362343762343836623132
61303165363261383337353736306636326530373135616161363538663435303533356363383561
35326635313664616262663932336135646262396135643561306537383632396431303363636137
38313062643031616539613136343432386233323635396263636166346365373630393430373066
32353762316334303465633034643337323762393734383662653931313937383538666266376132
35396432333733373731663466653261653435613764343766333536643965643739633732323434
37333037623065333733663764336535666435383062336564646661303061353835323332353762
64336432633561303061396136313464613361383431326164633664643939666261386530346237
3739386265303834376164343235613865383535333135343835
