$ANSIBLE_VAULT;1.1;AES256
66383663363131316431373639623066363435626139393332633831336237316636653139646133
3430386235323138376563313031366633636164366561320a623661323766393531633437626632
65643532363763363233333037626133376533346565323862376339313839393132656562613463
3430323865353035370a333731323238303431643834653835393165313861333564326630303236
63653961613133313065383130306237353865366262343766633835326631373337646336363232
61656530663165383732323065393964386337646262353861353761376133353735396432613139
32656130373434633063363135393330303462353832326339393764353736653031666362386362
31663630363932623730666331663538386337643834313938663131666130653430353837643233
35656437623636353039633161626262386437333266636463303831323937613665336330633730
35346262633964393964303139303065346165336236326337343934376139376633626339386334
65636361333062653033393438356161613661323531643334383139363635386635313333663733
33336330313132663435356633393462613562323036366431633634343237626261313966623364
63613464373037306361663735323535363962666631643665613132613663336132393533336231
31383065333337306534343139373731613764356636346333653538313137643939666135326462
66636165333365663231383566616439656532343236333138616138306333373239613437333333
33333065323664376434326139363237383137383534386631353436323135313631633266393932
36316365313738666462643439333364333938366533633733313231333966636361363431386364
33373135636237636631323366623762353166343831666536383939646664346461623333336362
35613837346533363539376238363565643437663762363262333530366538623965363566633762
35623736343164343832613738376366646434633363626632653366383037333066663839323765
38356132333230643464373836303465386332363964633938336334666561373430653365656437
33313033303161643661333332633966373635356163633432373336376237666561623133336465
35383635376264626137343132313630656461313662353536333035393463336565393964323935
35333231623337363830383437323938656535643333353262653336363266316562333532626332
39366532663238623361326535306335633034366565303134326133326232346362323037626166
36383462636137353632643135333162373030376136303237313631643338376432623437376464
63393239376566333937383866656534626332363336626666393261323533313861343865313431
35333536643162353534383765613765386132353335306564353863366533376165653731666635
63373833666135666537333738313438653235356563393762613163376437323833313762316136
39313536383061313961303366383639393365313361353761326366326361396363636135396164
656362333735326335386237316333613366
