$ANSIBLE_VAULT;1.1;AES256
38333335316233666564323564633565383566636635396661313034303764313463373337653764
3537373166623837393264346361386637646538343533330a396661313464626539343030313632
34663733383465383565326334316536396464636335623034373837626231363665613861396539
3664623037396566340a383533336565343762633035333966656238623961653932346637323032
33326164666364666639346566653432323363363063383762626232303634613137376334636539
39626637333666333430316634346131383132623065303830643535336130396463376237613836
35666662633662653339616664353666356365366464363231383733663063303962303466643031
35396462373963393033663361643365343432383731613362623137386466303632343762646237
30613130343633636533326536616364663565613934626230633830353139363435343033316163
35623832323761336236353261333636333237343565653734303564636138646430643664386461
30363930353035643933323337303737363662323662353235363164633838346335396364323662
33656431343163666465323262356265636161396635366637636366353232636531633961393764
65633736623364393164326339356266336532616563336164333931343530373532666230346335
66326264356261323537363737363535336565373134316531383635393063343233653063376632
37633436656238353164326433346633363135376163653566643361623864326165303866396438
30633666353133363638623931333532633433383230636663646230366336656235313830653935
66643636376535356262353331303132613933323834323837653562383135333564306264636436
33383263346535633831633135346337393636326466336637336530393833306235666435656539
34333035303230313733393734393130633262386366356161346337333731356539373938313730
30663863396334386532396266393136643636353434323631366234646638303266633264323538
37356533323961643632613361303164323662383933643836656139336532363362666262626264
37653566306366323835303433303832613461303963663337383464613363353064373133323930
34333464633433633137306434356361316264653063356135646630646237613932613635633932
61636639396537636436616630626465323833313535373434343931393037383539326363336565
31623136356333396439366363353630623433373366336135626232366139393737353633656665
35326633316431623735316230623635663939316434613066623362643935623634306566323830
65333166623962353563313439316663356662346535393833313637373732626237303362303230
65313361356432326338
