$ANSIBLE_VAULT;1.1;AES256
36396332343763336630626635626133656464323762323531386532326264363963383566363932
3735373638323963396235336330356534623030313136640a333964626362646363396438623963
36306533626134336630333663666333646430663239353932303431326662303236313833386664
3832356661643034300a623162346238396633333432653738646661386131643931373534643463
66303938363530353736316431303666653939653562326634663430386335366335306363346236
35323562643534613338663363356265353465653732653932373561363730386364633137306634
63623030393439353237303162633764316261653662643432383032313266633836393863343964
65323763356138313932376666383563373130363736623930636335306163616362353235306663
63313733313734613639643266633431353166376265316232336666303031376130656666376562
65653761333962366263383930616231343765666137393861613165393139316366643839303636
38386364626538666265386431646539623166616661633664623137646337333562653266666534
36616163376361623665636665303032353464346464343639633338636561343530366132373539
61383165316138333665653737636462666562316335656632323836386661356435623665333434
63303430393661633565343362376639386463333463333134613864613965653761343661613733
65303636623235316266373565356536383535323135616333373661356231346333663963363465
33353633646131376266323763323563336466613538313866646461653866316464633031613339
36626635333862333365383935626236366236363439353361356431626435623565373231346530
30666139636636653432383134333466366335336131623565326265666161313165316338343338
31333031626130303434346365316135666330623034323038613461373732346164373535343731
31663766623539346135656338613236663462643232643464383032616538656261343433643535
37623133633563636262326566313931343330663937303230353135653531363765613533643935
34323764396537623266613837643537303136623431653337616332393735623665303136653137
33346435633438646262363234363131643634333632373964336264383038393034646532663038
65626561623935346334396335656165376465323538333435613630326236373634353733336434
34316538383839656131366364393562613139663336656236313363666661643632313034326137
63383639633732616536326130623762393338346466323866303361656562393062633863663063
376662393964656166353237353830313737
