$ANSIBLE_VAULT;1.1;AES256
64343433313334633233636535363838303536373934343539653335613362663833313166396336
6561626633663562623235643638656336636435396430300a643035653239326263363536626231
33313133636163616664386130643032666364333864353364626133353439663662323039396365
3161396133383866370a646666373038613134626263363133643965613064333637623532313938
36303461303235643762633134356466313962376136363663653662383539383261643436303435
61373534663833343530623730313733396636363634643462323938353136653638656430633064
61343864313766386165386562646634336330383932393038313061323563656430623339383836
33313434646264313463613363623466393938363936316431646536313837623335316462633430
64303161613937656133303132373066316663623965666437663238363162303839383835333536
66636530333631653933336263666430373031323135356431663231356636656133646261323334
37346664663135386366383532656665666135646165393962346137366338633233343362363636
66363833663038333630633265616562373366653138336130326564346363346464626630303034
39666636366339386565353333303963303338613964393862636361383031636531653262383636
38353162393133346661653738396535666362343662333662623639633933373166626662353135
65656665393033393334643137376434373230373034383133373234326631373239666661633634
65336633326131346437633832333736333239326133333538343465656436643631666233366133
36656432613361306462333031353066393337616137633266396266653565303738363036666532
31323837633436343463356361363365623761313236623764336631373438373265363865616138
36613434356561313935343631303636613037663432326466383865653462393962363764373237
63343735303361353934363337396438656135663666356230633662306238303137336463383632
39363164346137343566306366373136363436653634646165313063366464383935663033333537
36343132616433366639626564643238333833333432393064373032653363353437313065653931
36386233633766346165656365313639303036666638656238313436663835666638383335393835
65326162343137613435643831646565653863626165616437306237303163326164636132303461
31626133396261333762643232663866323534663865373839303765313266656538633665376332
33363964333537353438653732346562373032386330303432323337396465626666376532326463
64316238633564383861323130313764646461626534626439663062373235626336326135326432
36373465356539306536636537393438666135323536313438663035663536616436386430303264
61343864393734373130633162333762613732373762623963376164633762653462396332633861
6561323830393633356664323238653032363564376364646466
