$ANSIBLE_VAULT;1.1;AES256
64633362373662323762646365633734386164636131376436643962656162303965646362393735
6462373163393930386534656431386333366335303833300a383132663636636432306532353130
32303864343264326639643239376338653731653464383637326433376538323535663062326662
3661316666313130340a633936366432313962396634343331303437346639376565393039336163
35663165383232643735323762633037303635616530656562353730656265353833396539343566
31353862616364336464383263626231353039366139353932316235643266646463366664333666
33383066663437383330353162646232643664623461663134316236306361393862626236663966
35333664376266393561373132383236306431346361383031666233343339393931333239343666
32306364336130353437623263643363333539333939326161663366333837393365336532633837
34623230333131376566396161383166636361373031343236343731353161623036336238323137
63333763316139643432346663653037326433613039626665663434373835313262623161366164
36346132623566383530333936646462343133336563623564626563363038373831643064366133
63383837663363333734653861616362343136346639633533383962393166316466613163366130
37626532383935376262663064346537623831343762366166316465396630336232323264366537
65343961373166326434623536333739303932616637343762623439396332343538363530626139
39656463656238336430383362353138663038383930346336333762306664383330363732393761
33386666326238326632616338373038323862656138613732393161373634353135636439313863
39366335313137373037666134653739653533656635326266326461663763376666363564366161
63336264663766613030663265343839303736383533383537646437646363376666313462303135
61356238366466346563383537306363343537366435333062636365633538663135323936653839
31356562316233663039343137663231623961666134323935376533623238356530633130313135
36666361636136656562663836316163666164326464393838646134343734626566343063616564
66616633356465306336616563613733636530393332646533303333306463343738636139326239
65356361386434373433363764376363353964363833383061626561613565313462623734656464
63373863353738366236626332356230306438363731303661323661626662336264306434373362
39663334303634633964333130383632353230353036306637353366323731646330353639323934
393038646333636461313737623034613532
