$ANSIBLE_VAULT;1.1;AES256
35653934353736353233633334393734663630373264323765356263323962623663353533376534
3637303936663031336338376665363635353539313734330a363738633337313464636663353633
30393938373235316361643562306333393064363634313238393737343031653761396230323561
3363653762383133370a663534323565363131666435643530636164646135356535383639356636
37373163313062313439326463333931623837336435643061343261313762343162306336326634
61626433326663623239656539323864313964636432336632643464303834366264353037643231
66353761653139646266396662346465343162303962383834353133353732393764663538656432
32313431373463356563383031303165303465663561623064353430383738663439613762323739
36626363666462666636633730323534663961623537636330373734633238306261656134353763
38303965633737306632383532356162643861633236643231356432376633646631393561643562
31613161306561626331653564383237333962376461643039303562306366303533393433393164
64356635343435343337333063326437346633646162333434346363326135323232343635623839
37326363633032663538663665666436356165616435363039363963333563623161363932333661
35336335646534383135373165633735376130656134343534666466396561636565396564336164
36633566666334326630626230323838666436656237336261323462363238393861383464353331
37633034636239396234333461623737303636653063346633346334656134366465643838313736
34343533336461656563343936313466646338393432646363313234396235616133643164616339
38633638386435363837623466663964323336623536656230306636396232383265656664303361
39663934373532646437343930373462393532663038346338336165396262323564353265326366
31323630343537326137313137383730376163636236386236616231316134633866333266373634
66356539653635663739343461633539363261653136393233383933653965666338346237323161
65316332633330373061366366626237323363303864343230393338353761386536653732663536
31303331343465323633633336616462303939363861373835326561343462356238306566373762
64336164646333646234306565383364353363366630613338376630393438313134623062383832
64373139373563613033346164323231616431653033333666656662356631336236643735356539
61343535333238366336646464613961613461363464623533613165653136643736636537326635
32633164643336333763643339333537303262343065373632616132383163383837393637393332
34366361636434313430653262386438353364613235366533366137306431306438666130396534
66366462393239623631343231613064653561313636333137366535393964663532
