$ANSIBLE_VAULT;1.1;AES256
66373937653131333535313261633061376662386262643864346165613130383437386138663736
3036346434303737623765613864303833653137313866300a643838323438646137636163333939
31653831383633663663653331336463373033303137396437313664656434643662653364623961
3262356332633835630a336264393532326362613534373435663133643137383738336665313862
31386666643935323639613236383861383361376462383137383133333061386133316462373431
62646662643363666332646630636363646361376463646262633837393938663734613434323037
64363738633065386461306166393466316433363263393264636133396364383833623562396636
32363932356131393061653533333335303738333334653433363337623534643235343737383763
66663139383837353337353963336666326463356435333238623364363632383464316462323666
63646138613835383032366539646537643231343339616266323734626336613362666331353337
31666264623031323862333834306564333066636630386566323733343237393332313333303930
31326461616432303465383438633630633966626631336263643562343963633736386434343838
39386562353439393664393139653063366136363836616634383239343930343332306366666537
62323331643030633035366537316135343037633536333665306630363264316263306635643831
38373331663836646137313830333738343933656139636561323765356662653630386434393133
33636536333637336237373238313638336663366461313835646164663639363364353931613363
36393930663734306162376435353530623334643061366134346333376339613662396334323934
65663133653462653761623465636532363730643663323530383637643163663137376433333838
38353235633837646466613162373734373632333433346639646130636463393463356535303537
35643363363965616536333734653166396436343266646161613664623637633339663335343161
35363064356433313238393539363863626161383361393261653963663563346338376232373765
39653066383035316465613265323535356436656232313263336138656437396230376162303766
36326362356335643465323536356330313064656233383735363165626231356533333931613839
32366163656266363331643134346561303039323262663931613931323837653036346631373536
63643734643334653031636338636134353333396539643833336138306536396439383636643734
61646233373537303638363538623430373062303934356463383264623833326439646563353462
32633132306663303234366261613338353661336464356638353463633739623232373438336564
63316261633464323764326361303433373161303630653066343365646665396232353139303137
37386537613739356164633338666163353732376236653866356335306535616238
