$ANSIBLE_VAULT;1.1;AES256
32626335633433386433646331336535613632303866643765636334353839343438376361353161
3363383837303561363061396631656261333634373363610a383732616263303037383836616461
33383734616363643537303933326437386338323465613035616438306663343137626138303332
3165373265393836350a363362626630316466343437653639346432373732396266623332643938
35623930616631616365663534623061623262613061383365663631363039316335333232323939
64353832353332353737323839343764373336616332366239353234636162393435653564396330
34636161303864396562366136383938353561366134323861666532633461323566613665393332
37616336373737356631666664303164636136343931633830353265333734376637303936373663
39653764373538643863356161366232373633623232626339343864333832313136643835393236
33646464646430613266623565393231393961306337346238353265373034656133663038643230
34386539343131646366653138633336323538373362313337643337333364326430373539666166
39363061313730616562333638646136303937353634316433366339373338666136633733343638
33316330656137336665663863626665303361313037626132323762643530633430373463646238
66393030376530653130623336323739623433626236623738643639653337666332313536313163
35343032623030333037343839626164373163626630303136333862613736356363353838653564
30333762636663626136663834373038356264616236623033636464376166316461363839633961
62623665366261333861343830366531363137613464323330333135363865373532663231333931
35613836373439326262303930656235353636353335376666333231346234396332353431346238
36653464343232613935613863336231356438373765306365663335363433636162313237343365
32353834633531343937313137613064393432343366336566353463653536383130643331386336
32336630346137623338363031646232393839356538656464613637393263393434616632316666
62383765636564616261656464666238303339303337316136623038343538656462303333303563
32303534393233623838396262383635383335383131636436366363633633343630363933336638
31393935303034373133346137613364613531396238383632663235643864363564626461306362
38383336346665646636393635363433346563633035373233323764373137393430316138616665
63613934343337623539646238303733366466633932306265316233633732356661336638393639
38613833373833393333313833663265666164653434646339633139653933646239643331393666
33306430336566313235633666396530336662663436346638373638303565643739396534386662
65636636396237376361633431343566316431643964386661353937616136313631303938343834
33613937613237366132303033343837373130346361623930316630366530363435393264633562
30623464396562376339643231373736343130303835383933356231373363323363376366373234
65623366326361616235613930613338313862316339313864616163323730313062353633623330
30623030373161333431333934386539393935616265346633633333633865396362366333336334
34323637666335626663313564336162303533333561336664353034323464363930663830623731
36323430616330303639633432383330333731343935396534323264653361376565303762643232
33336435363565373634376365366666386337346561356437373134373564376137626235363237
61363862646134633266376136373665326230353531373631356535383433386439626430303534
6437353730663232323639653937313037356339636666666234
