$ANSIBLE_VAULT;1.1;AES256
62623935376131313330633130356639323066633461306235353464396330396566333933346561
6663393863326161626338613035626333633739323237630a316636646430373833323165323737
31353436643431346631363231646132396331343164613536353532623233643561663439643231
3934396162616534300a366338333165616437363838396163366535316339323066396136633963
31646333383235613864336131626234623238303439616664396635373938613436636161363335
31333261383335356131663634376136343563626636656634633032633466333062343966323562
61616661306563306635313861393834343130306635653666393239393038613161353631663837
64393134626663303364376237363035616233333335363365633631303066323738356237363965
37643338363666343665626430653136633264356130366239313331313437303164323764613066
65323132333465373761316532373630363961373938303931363665313964333239353331656232
39316133646265666164326263316664616664393363306430333335633234363161653439643261
38653861373936623065386562616332373631386432636639316465316464333435343734656436
38386430653030396261366563316261626161303934383731366136323530643162636237333239
62646335663265653835393131636664333237313938326237373338346363396563353564343738
62386466323430303534663362326566336633633132373565353661653562343739343532383966
62393137623265363531616130336133393935313739346563303566323430663437623336363266
61666338393133383962613561626237396137343338376239383539353362396163616130616639
33336637663932303866373539666431393765343938336161326638666137303539633135333462
37633435313939323037336663346637343862323163643331323234303736643463653534663663
38386637313163386261306531663430373631363535643162393964353264396430373936363837
30653732356231343739313231633530316231643234356135323463613638356234656438323631
36356234366637383637306666653431343462336134363935343032336161653533343731313033
34343638363866633135373536306663653534343263366535626639663936653963333538643532
34373265616664336265633865313332353362383735623830633830353333383134393737306164
30383530663436613535326532393261623535633133633363653538373964613064343435653531
61356134616666363931663962343238336231303139393037333963336332303234343338396632
38646166323663363662653363396363396331646365383431623663623963393039663536613933
35343164656630353735633734623732366333346134663763633537316465663761643935363561
64643131353037326661323532393039656635303564373966623564356163306161
