$ANSIBLE_VAULT;1.1;AES256
62306162633435656335663766363834366534396238393630303933363533383232346535646339
6231623161356266393861323461653939383835643765310a356436616435306661623236333439
38613163383765396465396462353036643262303134333666396238666164346537393733623764
6434616365353138340a633432323234393332346439383863376535333061373563373035373565
33623230323163616264646265393336636261376533383038396330386264393432653434396563
65363833306135373962316133306132343731616330306466613466383161663836363638316130
64363765613466363461383337303031366432636466663162633035323864386231383636323835
62386334383932306637343337376433383965313365303462303131393939666433333139303961
61396265613262313331323236653531353031633333343937656265343535366666393333373661
63616264333564396630303331643764636161643761376534383465376665323365336639626637
61363866646438343262366334623139613430306563373833306565353663393233353835663562
32383932393566316437663934326536313432323832333231376436356565326137386332623461
33666563663963643737386333646362666464646530633364303233363761613837363161363362
65383737346132666362343265306161633466663365323964366235643931613032656132353833
63396632383064353266633032376161313931643762323164373365633561616261343637636535
37616662303164373566613661363165366266646265656333666636643365316439376230323731
36393935656634616333343362356465363133613935323138656534353364376161336465306638
61363737363462633262666334336131323031646632653634376235336430636137306330633631
37303036356634366264323635313835366639376131396530333234643236623333616163646466
65656164336332626463613266366561643736393636643430373366303162663831626262333536
36343234393962323366373363326562303766613264356134313731633535623337656563393335
32363332363066333733333234326363363539303161353261613331653831313263323961313432
33653736633339326434356332646164646665333834626136313530323137616439376234326361
63626436333931393263636138653433333936633232663431353133633930663265633131343933
37636364316637613739643164333864396339313366653964303532306330343639303062623137
31386662653634313930323738353130626266363730303938353130623866323862353530633861
39396637666561316638323338313437613033386338396135306563323737663362356138383031
39383039356662396337333164336365663665646238356533333237666136373130636336353462
65623366343964383966373735636635333430333364623734656533376235653337
