$ANSIBLE_VAULT;1.1;AES256
31343537623632303138633238343566366565653539636437393564633832613638343936353839
3035653130646231626261353031636266643736643930300a633934663866626664376131313034
35373865646131636436313031656465346538376638396537376334353537333531666562623631
3732643432623031320a316133376662376634623265333261313237643733616237623833346166
39613335643065303232356661306365393764326230353266663039626561636635633662333737
35653063343836383935383333663166646238616362303261613166616536643565633939303639
62353230656363663438316431306531303566326164356338646435306165383434616635343663
36653163623336336565343937346530613062373732313235636564383138376635643033613334
36386639303534626336383431303330326166666262613664366430313335313234366335313964
30663532363431383463313164653431356433666362343530336239326335333638303434623666
62623865313937363531653936303633346163613361613330346465653934343161653734623635
39386666313836393135626262333835666535326534346336336335653233373964613064646335
37323065346661323230353138376363396133303466303762666162386230613736653938613163
63363333663930313433386436316335353433663161303036316464333264626435636435363535
66393935393737303734353964346538643265383037666465386639373334646338366538643561
66396231313866383832643666353639623161383364613234666337363932313533653939333963
35643035383432343261303165353030383864393938326262316663396238363938626238666464
36383663663163366166393432663934346631303331366532386562303034306432326633393164
32343139306132356465333432356539623438336666616164353366303636353237666132613439
63366633656332643936616632363661333731336239386266663130383931343664373230303736
66656464393037306262386134633466323633343231373730316263316532616364646132643331
35333631626330353065633563333464313337656138353466366664323364363939323337666531
34383835316235663263646366613534376634666238653931333536313461636334656534666530
39386162613531653838623033643031623432326435346539386131653037346566303838653438
37663233613933393734336137343034646130373230363265666230393739386266663964633438
62316237343935373239383033613261353730323963326635383638643364383432333062333065
30373132656434383730383463323134643532363439663438633930666438646330643765323437
34303035636431653462393233363263633932343931363835656165623864656439363862316561
66643939656131666133306433303730633166356261393062623664353336663862
