$ANSIBLE_VAULT;1.1;AES256
65323931643861313836313435303062323336633935363036643638336561656231666266313361
3365373961353138303462386663353635306462643166300a343531623364643330356236613135
37616138363066346237376264373464663566366330356231396435383237613939643965336561
3635643663653937350a613961336437613162653866393335323635656165613637343932303133
63636139623334656461653662663639333539323861393731313966303862386238333166373033
32323164333865393438316231393938303035613331383839353934626433383463326332623330
38313761653430643832396362313366623264373664313861303961306164643739613231383439
65666162373339383831346133323336663836353661386230303566336532666466313964616637
38613761336436623139353165393530313535643133376366313661613162376137353332356565
33353739323733313237386539343339313639333233666534653636663337613135623036663239
31386336383635336465646438336564303765656364653063666638313536653134303436353330
66613435323864663865303930663864633736353631663830306238363466393462396433383166
30653466346335373731656462666238353231663362613862656632656433313734663239653632
65333266383631623864343365643963356634643465636266303666346138616139373830366466
61653636663666323630393261313062653735386139336331653564303665376534366132653539
37663665376466386339613737396532363765346236633231323365623264386138626434393462
32353030326630633761346163643431353534666535643031373230383962616332633038646635
39373438316531323139353836616536313739663165313632643139323732326465363333646361
31383862326636356638633931613635373863626434633261616266356438376534386536363463
65323633303763616331663566646464333331306136316237353038613136643163303565383066
63346534366530333339323231383665326165353235343637333531353539626431356262626135
62306465326234656661353330663230376163353261636230376666316631366533626135353265
66386637393334373132613662306466333962356632333336326333313935343337633730353366
62386435353239633631316239626165313734303538346537646633353963386233303830303637
32373337656662343533613238316138343965363164386436613230383264376139633332386238
65623939313238306636386265646236353637393361326566373330356366336535626265653735
31316638646364363931363530313364626333653336396332666462616664636133373066353763
62333031643964346362386635313535393361356536346235343233323362656234316265636538
62346531333661323830373063336561343962306162633537306432626538623065313065636139
65353838383261393335626137306537396233323337333232386266623166363236653062303264
32636531313032653637313563383332383466306462343430303836313634356163333534353066
34643239306634313766353862343133356634343064336463643939323866383864656564616139
33343861663662333666323163623432303434393866663436633430663735343162663331646430
30626264353962346233376365343230626638633438306335326461636661333564396433393336
38623839616439363765643734366433333739616339616464333264313830383132366132366531
64343032376366336633323938383263626666626237616664323132346330303535383436396536
35323337626536613835376533333666336139373935383931353731363438396533666335353162
3262333264343531303966346338356330303363313863313134
