$ANSIBLE_VAULT;1.1;AES256
36623764626261303238623932663434383061393964343564613530316366333638333432613433
6366626134663735316363646136656234633866623034390a653531383732366339313263626239
38313837343461356132626634363363653730303562636662353765356234653234393965623232
3962346432353235330a303431656562396662386661393231353065346231376136383761346266
61663637623739653431323061383466313365336236626539396335346364326664303661636539
30383461343732656561373833656666666339376666383732356633613539343664663338326366
30393632326235346332663637383166356265653463653032646261356562393564643162353062
66343737316265653961653464343465626434626134383331316662323838616561643731633163
62363131636435373336383564643630376237653138653161643964346236323661353263343537
30373831393166343562336438626363633965623131333430316330346666666162326462313232
63333738623237386263646633313565346239376565636232613038323061303435343966313033
64663835316530353137373663343736346235626231333632353636333666656332396538353565
39653431636164636562326538333133396562346565626166356433626439396664633365663064
34653461376337626432343033366335326436346561333935393364343430393065633033396133
64333933626530356162373135653831666338646463663463306464613130636263373333376133
32333761346163373561663438366532316631623361646331656365666264333130323162393738
64373934316634633138353739323766353339633831306464646262633132303861623163386133
63366239386338393966353061623939393662626162643366623538363238626438363439383839
32363232353730303131663839383536356134316332623232366162323163366237326632383936
62303035343463383930613662353634316166613735626637623464303530656132306433393065
66393732303832353763356533626134373561323031663339363334316135353330663633353365
34623733653231356162343366303264623363393538323266653563643332653536336534386232
64396562383261326166323239666539316436666135646662393061323131383131343133346462
63646161303161653939343937623232383961363864373438393934316262613666393238363031
61356431343737336232616631386664363433376561323534313339313566303536663165336338
61323564646537666562353034363731316135376334613035396165656565643539623739623866
39613561643861333431663762613665393734376161353132393965653635613136623832393564
30316131376339366163356433353235326236643930396437336537626465346330336661333837
30306237343735373736336438366530656663376264646663396133306665343863
