$ANSIBLE_VAULT;1.1;AES256
39613532393534353765383063313162613631653438343935633164326235383264636332343166
3866363239356334356461366463313634303862383137650a636566356534363036386162643033
39666232326639353737633731353634323661393662663466366563333561316165633265396433
6533313766623436390a633761663731363236636632313931663064646134396666366162316230
32313161343131613137326662326666333264303131393933643163353639363163633164613636
34316337376463323465313664376466373739643834636134356264343132346666626630363761
30313638663761653835323136393033363463646561613232613863373730333739626435336165
65333330643866383262366537343532396361373266333034383961653735313866613034666331
37663766343839663062623038396433666635346636373635643130336430303934653334613736
30373436643262336536616363313535653064323735386135643464613033323162323065616635
33396464373336663335333563623537343738616362383166636436643130353236393738636233
61343765383063343336366432623932636638353334353561323337613663653564346166373262
31346462373930666233663662363962313463623964396461363762346530303339316663653065
63633832376530386462666163313962343438333131636437373236663230386330363532626636
39386266636335643664326239653063623165396430396330396561323033383438303466323236
63363465393266376166313237383632626439303235633732313631356333643863376565306264
62356632383466336463656462363565333232613865666138646331666465626235333466643034
65633734663231646633623662303264353538376366306439616638656631356663356430356534
65386665306439353861353135396237646562333261313930333463633037643335323239363866
30386462616132613739643831373733313532373963636139653065313135333935393562343638
36313530636531323638303465616633323361393065323033303666323732346235643139643339
32653638346637376338373264383035313231356333303866636134326661366139396662663936
34393862363635636332633339383738336663316536613263636238373335623432333536333139
34343437373931333335626562353335656363306164346663613630383162366561656266373765
35346235303663316336396332346436616262343533303466353261316462393233373863633664
62613031636135323231396230303937373166346366626132643537393437326564613735303035
65383639383964313862306137656530616637623639306633616430383763356335313461343338
38613230343234656534633164646164363633343165626361336632656561636537366138353334
34646639383561623866643336313634356663623665666634313434383063323936
