$ANSIBLE_VAULT;1.1;AES256
61656261313231393937663063656564666462326466386633383134333333373462363835643637
6663333765303764303264383662353639383732656263370a306238373135656333333734646365
30646436343334633031613834356330383564373765656664383539636436313264306533306337
3166333165393337660a633033316338653662336131343236636230396164316166356161616361
62393130373837666338666462626263653430323066636436646439393939653035323862396132
32663531636433353262323665643031393862613165643866666338376566346333633935303434
30613161393765663465303265333532613737643564623964303539666431373330363939656466
64306436353735306439666232656135376233363031383336393538386330656532373065336536
65333136633734303434656231373936373131363430663439346437663536356533303665613238
64376234306566316463306563353339323163643264613162336266363037646638376361666432
36383732313663646165613562336332376639613031383638613265666466323334363430666463
38393265666232636161623934646136633166306438656438336337643065303835393138353031
33353861363933356637396564666434653039303238313466303461646566363639666435313339
61623364636163396363656234666338633239646130323636643339646232633663323039353932
65376435636463323336646562616161366464663661633862326636653162396461613033303762
36376461633235643433313236323733343333663231366265303466643536346330643638616136
35633237666238656262663733633832353862316139656262333039653131323766313230613837
37306635636265343761303066356638353132653934383661633939323164366630366462663833
36666234306232373132313361313635356365613034386362366336346537343965393433656137
38313938613035636161326665383532383461396266306362383661383638326265373163393538
35393066626632386464313661623032373337353135613766323636623265646531626561643538
38383233326664383464623337336164376564353339303935656135643532306431303238383739
64373238663232363066643064376430663165333130303334663333636664313636636664633939
32353765306537336662363163666431393136313265363834666462343732636237393238353963
35303366333835316363326135333130346132666363636437356663306230396565373664386165
30656632656436333435306332393032373130373334333332343933326532636665633234356263
39393435393764393662306231323531353530623565623232646530373264373466316130326333
66653237363239323231316233353338663637616463386131313431333939626237656437333536
64633065303536373264366663643335316464346136636163386264323631626338393465393530
37303765653064636234653162633065373933663564316563636463336366623635616564643933
36316437656464643764303465383537333034303262633765303735643032323133336632653835
31393562383838663436623031366636663930323561313663376363356434643738393230646236
32346436383433386262623162393238366664633738613361333565633163666164333636376138
39636461623730393161623363333435323239643137393161613166303561383662323135383639
65323139326332383534623731313138356437366463383133386534613239323932663839343434
63383939333030653239313363386566303530633765373033636236633838613765323366303431
31353866666665336463303964316537396165363532313639376262363936306531386331343335
3037633263313065393132633335393661663431663433333330
