$ANSIBLE_VAULT;1.1;AES256
63656465343364656164323663626662336639623230316133373337326464633433333333326266
3432626462343638356166333433616365346330343166300a646261633765343664646461353061
34363833386266396435646438636465336134303964386439336435626334663139663638316538
3962626165346266650a356637333761656136366464633866383161653830326431343532306133
66643833313637663732363662373066313062396433336531366264326437383435393664643538
64323234343333623262303039633130313933626539666237636539656166363632333135613966
63396664363030643834376262613735306638306363613966393338646265653436336535636232
36373934613938343231373764623933393534373831343762643935653132383333313833633034
65613439623333333561366439363366336165643363366434343933346632353962316666373436
64313133366462366536306133333138663763663839656136303534383936306366396366653632
32373738646361333763383031616163313635363066636161323436363735373462303032396561
30633433643739663566333262336437623162383032343562393237663964303464386537626135
32653534646362333830353064376637343939623131663230333237353566323537623264396663
35306665623833333962316363663563653165643630313435656235303239366536366165396437
61666636343437396438326664636362663133326163386264363333396166303766363539366538
36343831326532636165623238653437643135366336386666313761663939333665646330336531
36356136363932343630663863346661373930386164633233623530633063313064343234613335
36623561663633353461383633653630613263303038393163643832303430323464303230643561
35303738636330323661616135343163343339393537316637643461643331313939396533636166
65316230303430393836303331393634323438303536396339376139313136316636323234306233
64653734643135613961643138326538626231663231313632313164663339313637343563333138
65326261323065666438666638326164343438346337333536323664323861393364303931353938
30636163306662653133333937633437343162346335393430366163343235663564663335613262
35366637646565633933336666363966653664353132663632373665306434656263353663346665
36666464613262633535383534306430393539346337376163303563616530663639366639636166
33316464323064616530303832626131663266376462303134376630353632653161616131636363
38363534623039393739653666336237663635626437623737626231313738346432346338343363
32663562343931373862623039333362363339663861656337643135306561356166356661313433
63343461336338356532353437663661396530306237643539396136346630343564343661653864
37393537653536326162396437353434316633366339636166383662313034663165656538383061
66366635346364653965366266363130366435393630393033613534656139336136343662626464
64343063303339643630333537663230623639633062626665313736353433623534626632333031
64303630396133383766623665616234383433386530346137363631633566653139663431313233
39346333303066646331656366343765316436313735636538616666363364306431383263396234
36383066386665626563616265336465386331373439623739396165353431356138396464373761
64376465613266613361316235353130383331366366616439376264343935613730373163336331
64656566343361356662366330383262613865383335366661316138386230336134333262623739
3362643638316137313838366166386663666565363962396437
