$ANSIBLE_VAULT;1.1;AES256
64636330653861653561663739666564316538373765336466383133373334363663316164393439
6139383762643138653761626634613836326137363162640a623834383333646132616234306138
36623163663861616461656337386237656132383834656661656432383839666165643261633561
6237636566303436370a313735343630333565316363303238396431353062326338656465643039
35316439333937613434313261373935633266383338323934356666386266653761616239376264
64633933326530336264343561666631336635613466326436313764343961653232323339613562
34666661616638316130383031353161623965303866666430373964643237623762346233313435
66386537643838376264373234613830333664623038323335323236633563383261316630633531
32616334343633623763636364643963396566343665316262376664333731613938393930613262
32653635623962336138336132306363643931353466623463313135303333383839383235643534
33356230313133623933346666373230313237353961316438666261653139623662363831636135
32306265343762616566303033383933633036306664313864343535626330646233393234346264
34306262623132666431653365626434653838656561306461643565373637353665646462356664
64326631323330633932613332386137373533353434323537363062363635386333666536333765
66303834363338376664373265376632326332306435356334326637653437326339646639653836
39393335646537636438373532666561376465363834643337346633393365396637363738663165
32343165343938366536346362303938623535333536353232656330666132636231303366383435
38373931316439353339646463336537346166633962393863333661396231363038643234373766
63353637333637356438376365653434356162633564643131613131326666396664323563353366
30653966386631316137306632333631363163346465636638393232656631383161613739346435
35366562383930356437366362373832396138383761396537666565626534366536353134623765
62613936343730303633386134666566393039306661653732393230666231636337663139333431
31623535613135376438306264323632663237383732643236373731386535643962643663303436
66313764363265643734633937313062376563636636626239363864663162366264643364396236
64653464623539333264623136373932393138663565303830643031323530626263626665383263
37663664646564333435393731623134383939613462343933663365633735646131313966306664
30353234393861353164656563633530303938643364613566613233393365363932353361303533
38373334636430363434633938623561363964333433376463383863353137383435373662303063
62623962646166376334623036656338326130396162336435353465303962346138
