$ANSIBLE_VAULT;1.1;AES256
32303265646631646133653131376365393533303138376635303431383939613230396162316432
6531616163656638316535306538356462623231623533660a373566376637373664303636376463
33613430616231343064393263653261623730343633636631616238626335353438386433623334
6464303833313362300a643032303230393937623464323765383932643661626635333834323437
38323738653464303039326434633234376264613432663534363539333063656530343130646563
32303861323530323135393738663639303032643965383066313039373236356665353930303136
31613737393966353765623130363633616134313962633561373064326336663537343130653766
31303932326366363139333931343566656637353935373466383938383732393236336535373465
31356165323433626332396230633732636639666364656636623230613861393232366437303035
66303333633139393662396162633461646236353833636637383764366636353164373539323033
32373034363066633766613639316630323036623061333661623665356131613032626634643662
32343065643536346338343530663762383633636433386364363862613539666130633038363831
32656133613663656165616234356133393962346637343762353839366539373832396339343566
31343931333231313730373435613066633135376637626437393334663532393932313332636132
35646339383866633834643639663533356439333766656630356632383533303033333963656639
62643338366133613632616630336638666166373364613462303531366535343861633532656333
61336666363730323561656537376531393436366561373730323566643865306536333164643265
38623661323837626263663335613763656431326138636561396333633666343263323630383533
66626434626435656338643064376436663162323331623338393937613438363632623664623462
66343034343461653032313731333139346632323162323737623065356532653831396161326331
64326530613730366435376134373836333364336363356332366261386133346335313639663335
36376239356137666232316530616631613131323532326136626234346633353939356233306462
37303437343038306565363735346661306666366533393766386162343432623736323465306630
38623135613263646461623437336265613164306361383231326364303137383534326134383439
30386538363537646133633165633164373764376663393662323163343336373730323834323737
35656531396461323265666130613139393139656530383735643465336164633635656535636262
35336163646364376165383036383138323531383936666366656538393434313130636435626436
34633934666530633130376137363737623038323138303237633839626332353163313539313430
33363231303330623636316134646366316436633763303931363936666465666635
