$ANSIBLE_VAULT;1.1;AES256
62383435656161633632326663623366646139656532623261333662666233363737313839373734
3063663266353965346333313863306434646134333261360a323364373131333062386130323762
38663864376561613163303533663730613833616436663038633162353738316238656431333532
3637323962386638660a613137346233376566636239613961343431373238636131666430653535
36613961363233373465616134326433376534633063656566333262303166346631333264393836
34316139386438333530663235393431326435333331393566613630663938363036313363623366
37363334326435666463623963303739306436636432363664333339383239366632356630343665
32316133636132613434346439373363613966636630383861616531646634333233366231626162
32343965363331396666393665333739306563333333653663363061316462663161616566353532
38643862343833363663646530643763323433396430623239393730333763626362306364323735
66363936346462353337616430323537346438323662343439633332666130366231353530333332
39323232373230613237343834306538353932643061373735336365616466383338613331346665
31653965313633653363363038663331613238383430656339303662646536366538336265373864
34313262613437353630336139336135333564643035393064613363316165336133653938663637
34336139316564383464643261643962663537663039613632356165616535393332666466656437
61393433666633653930393363626438633864396361386333333038333164663662333565363766
36323437616435623639336533353732653635353835356330366339333732323164363762313961
33643935666439643739363166646633323831343430653664666361336530626138323036656561
34366537663464323936653538393231653731363833386561653634633630316436343939356365
30393561393362613763613738393930343761383632356135646361373462343862306435333130
61313362643964346139623664626463656361346339386333313738306431636531333939383434
61383164373533333762626565353064323436623032383536366264383339643536663032363966
62316531623639313561373030373339636462666266363938656232386437666463336634323764
63303764336161633366336135643639333034383330333531323366306335326266623138383963
36303933343532343639643732666136393733343362356638316134343266643765313532653037
65613865616136303039356437626630653030346437343930643562386466356638313739636465
63656664616138396661386365613134663464663837643239633261383937643065373265633236
61663030363162633561353633336433373666366338623237343365643736366432646530343233
36336631333562386533386164393434356435393431323664353136643630363062366664633565
34396464343039303364646664316264373331333131643734386131343663393636323061303739
62646232393038343239333965626632376637626135393165613434313661616539303837646563
35653536636265306532613233353039373237353431356266316165626361376564396162343130
6330
