$ANSIBLE_VAULT;1.1;AES256
66613234363934663237313337323438396661316536386230626561306234653764356261633737
3865656433303763623263366239663965663835613362310a316530303366333033656665636137
37646261343437353530613362333838363537383661633235346239363564653631633065636464
6666323264306162340a663833303138396236393437336266653066383334313037633832363463
62623861323333646434333663373562613136356130336633393135396632626433376361373737
61373836383061333763313461396462396265393664623537323964663335643936353661346435
31616133346564336632383565623632366637613233613166646235343933646432636138613336
37366237383865626439623130353838306231366630313838626166356465393064396464363366
34633239633331323336616363396663396633393564626161343766643364393533666662323332
62303761636463373934646231353662613633383535613936346132636538336330613363353764
39626630303831383338373136363666653830366436323832653663386362663061343532353830
32316263653637323534346562356330383632363061613166383765323265303833353962313138
36323462633661643435383533393666356162373739646264393565663662663830343333636563
38336434396436303262646237353139346534303561653964353461626562323636326338613236
62376134363739326561376130613834363339323334383939386635616237326439616439353733
30306234373835303664333539303666336236616466386666373330306332366233643632653664
64663634643462633731303062656164303265653937653764306165653366336136393130623535
66633734376662623761633063303737373865366531333139613737356264363464653031356435
38653238306564613436393437653362653963396133613531323261313335376530373336303834
62303639313936616163643935303834326332656637323565353166346331646263303262656165
64656233373062613036356138646233616337346239363936313131643133366537623639313832
34393562356264303661346163373237643366363234343539643135396438646331396666623339
66363835343363663037666531323237643261383663623830633834316364366438383938653164
31313161356262393834376161636434356438306332373861636234333266386433646238326338
62633239343461626563303138343038363062366662666633623562333239633436663939633334
37623633653634633961393664393464666237306561393132303037343365393363306234333433
353964643061626138373362353464616436
