$ANSIBLE_VAULT;1.1;AES256
35343632626135316664376139363237373438396466616661323137353063363932666461656339
6530316536313261333434303136646239343438333135630a626535303866303837373565356465
66653232633761373737306230656132393434353837643633633836396233636661653336646666
3335386635383332370a383833313464613932373663343234313437373331303063646331313935
62666366303665313234373735303631613437323730633234636664306631646163373639333536
63666234323463336430343535316665623761653437663166633335363663326532396535656664
65343938646634356164633137643066303462643535366463363363313036326331636164633461
62653430623134376134366462306130396366306136646535343866353230393431303162626364
30383630396431333339393730356132356462613134633837666430333863623063353036346433
65663962333463623463396561623938303933346238393866646536313737636431363135313337
32336137313633396664663136373937643431386365323732633335633738323730656339353061
62663232396430306466656231373431376131383833663436363037643031643835643935316466
66623863373663336466666237356534303964363235323064303939646239623565303432653663
64613163386233306437623638633736626539643062366337383362386366643361653661343331
39613266613535393330323231393162626162393965653334393738353564303031656533386163
65656134613334616561353832663638663835643639303965623461363532633933376666653334
36643235333337393037343964333332653334383134356138323037653435656433363230373862
65633332376665636236353930386331656639656362623239313239336663333435333366323863
33663737613664336238653461623030613130373464393163343063633032363632653864656136
31636562613264326234366232346662643630656332646439646134653330653238363263316664
61313232303639393732343461303832373265626666633135616538643362643839353666633938
65386332343336333666353963333665383036363932646565303039353739393536663834646539
38396164353965363863363036633234653332626162343461353039313134663565333163393535
61376665353635386237613366646631663063613037393236383761616634633763613836666633
61373661333334353361376633383965646537663335326635643034383833376164303735663830
39333532323737653134363466326563333039616234653564626331393438383235303431346131
37326562306464666166643634626635623830393139656332396461656430653135313463326638
38666633396131353835396262633935313165393065316232393438393838356263356535616136
32363538616461636264616564373032373635383239663431653366353131336436656637613634
63323333613934346631356439616336366538303530623739623366383237656237326662366334
37366137663936386435386264623938653034633035303238643438366566316339393537316465
39343130313166363736663961663739346230636532376236656536663732383162306661363434
38333339643839633934356331373463363663623466646335353237376435353765333630383866
38316133313162396434643232303365626139646362663532383863393165636130383665623238
37386233363637396432306363303866323362316363313936623533393661356234646563663661
37323536326239653934356665396161396439616666363664396238653165363134393862373037
31636665373363353761656264326331383763376365323033353638386138376562326135346635
3762623831336630653365316436643061656338646430613733
