$ANSIBLE_VAULT;1.1;AES256
36393231323333316333653630366366646634303163393165343831386233646532623535646461
6535353137663264626631663034346634623436623764620a376631623236653531623062396335
34666538333734613632646138356239616164306461356430366666303463373761636537313331
3663396339633135300a653037636331326134366332636639396663336165643537366433363165
64653365336132393066303365363264633539303635313137326638316162656464626531646635
66326533306462383334383763636635323633353861336538366266393864396335353834306438
37646135636362646561363065373961396234333930383337303030373364393337393437633865
34613934306631626566636361623561363031316438396266366531373836396233323164303133
64643139303566363632643361396434663733623438616533613138316239666265663130373765
64303631643532366532633335313566323539653336393132633165303231343362643838313866
30623263353064666434346435363062386361613261363864313666623631306363663262333639
31356235633063636231663339646637326362366239636566646137373661663836353465633363
61336134396661653436333565616434623963633061653066666535336434613930363666383433
39646434313163376666396562616663316362633235643939383631613861633433393033303161
34393433396135373032376461343830363765376434353363393539336136383635356537316439
38333937303762643038623939653161373765353236333033613264303864363730346133356235
39323137303366663262356237393039666236323831343263353465313531383132303462336530
65303935306239323030393531353034616239393465306565333639616638653439666330393336
65326361613935353431353464383630343038313336363861653239663236633533376262323930
31623261386530303561376363623562666663353465656437626434303132393430336536643039
30333732343662363364623262623336383065336361316264613937646535383035313332326666
39313230373263353737613631323530626564356430383362393966373838613663633735376234
35616535613730383033316231326338623637663736346665623439663266613630366561653331
36393664626633323236396239626531663565343365366162363464333561333333623866343231
61393963666432383631343137613862613865363030626432613431626637633339633338383864
33383030333764343939633236626133653732383764636133363765343464646638373738393138
64653638383664613132656264393132333061653763356533373665626139303361303066316562
66383730386139633734643431313262313931643237623562353836643762383030613061653639
37306238663363363965653462353931626330636232363366656439653132373234
