$ANSIBLE_VAULT;1.1;AES256
66643731343538323038336631666363326437346133303436656631343763376635376333653934
3035623561313231656164626336613032316262323966620a623562666665303332626533633962
65346664373736633239623039643961653636393038353230663665303931356362343635363536
3337373337616336630a643064653539323335653765383330323236343236643035373038396430
32323535333233383635373963383962376334326561386532366630303836333939366530306136
37336663663565633764613162303731323564653639656263633364643534323366393132326564
30383166363266386234613336643737353963376663663264313764623233643565613566393038
33366637396133633730356365613738376231356231336330663939333462666134313766616338
62353136613730636665636664346466323939376361653139633938343733313230646461356361
39663339623535373631656331393638643332363362343163333130663632613235643936656433
32613030386230366261656136346666356136613536663738663733366339646532306630336436
39346264616536663331316462643631303133366461316432336362356232623162613439623531
61373634376537623836336435636363316139333261333830383432636263313738656332386163
30306138353561666530666430623036383366613161663138633964306166616334656561363131
63396638613234366335373463396231323538353864636637343639616435383636313661383238
31333764363461323036643162323030383131643766373964393362616439303935306634376636
61323830626137386365646261323239623035656364333065613935313263306139626664613034
38393365616264656436336266653131393638356164363862346561346331363833386330393137
33623562613464353838633761303639653432333332346563316331343731323934623933303066
65303038383633316437656666303739343532386534663762666431373930343436643930373338
61356434386539623464323561326536323663306434396439306333393837666662366432643237
32366261616136343864326463393864303965363131653063383932383635636637636237383565
61636561393463633733653135643364303138343030333137306530636334393239386639306130
36383335303466323234383835303561313338656530343431306564636161393264313834623531
36663462363064333165393932626636626165356138663230363535663966343638376431653865
33306436323961363634633163383266653566623039323436633162613161323737343035373038
33373064353038323464663935376263366531643266653361393766386165616663373538626239
30336230363762633962386639343936623935326565356562313830333263646332623834636538
38623533393864383463393861353935303639616233373533656562663863333232
