$ANSIBLE_VAULT;1.1;AES256
61616366663731653731386261343964363238333331346436366436316365356162346336646165
3837666332376637636132383032356237383734396361640a316430303063666637363830363731
33643135306462313532613464623564363335383337623534303231313263386166313635613939
3664646532623236640a386632373539356439303861393465333230393064333734376266643933
65343137653235643930313135303539383132336465613466646432376135396334313635653439
30363531383566363135393636653430336530396639646331323234386565383734333737366531
39313936306164363966313536623434636333623930623337376366613234653863303165336465
36393731653561353839633462343135333239303066663239323330393036653863316261323439
30616266663530383266313534663937356661613663333332396538396339643539306636383631
63343063333836366161323833376132643438623838326635336236633561363566366663613538
38623938636264353762366135333266663536396433373763633437656434363363373865646265
30323066303430303836633262643135376334356433633135373339376134376339343034663665
38383739303164336132633233653463383166333038623735383361653432613234353264636137
32613937353734396637613564636665633330383734326361626565383663326333653632346563
31383633643635663334306364663030653538313531386339396633333964343564333637383265
62623232323762656633663565313965326361373165663138393136313432323139666533663738
32366564663365343564613632316430663434346237653034626264336530366434613837396335
31613266353431353365303237303934386261336265623935646332326330656637336164646665
62333837313365363464613361646536386461393266306563373763313933363131386534363636
65306335373063376432306161303032346132386662353538646539363466653832303666336164
63323566303466303636356230336165616261616261393065316364353463306564356232353861
38363939623433636332623432633166366532353433326132363864633961613762383063636166
34366434356530626665353439303732666663663166633864313137323362636362313165383434
64363234336538633063346531383462336339646162376365666336643732376137373236663161
62313239306533336466356464336434393564386333646565336139373438343134383139333939
62333539326461643463303864613361333964336462643231333630346636343934333466396137
32393730396663333232343962353662373136333163333936333163623065393166396137313366
37343533326161366231643532356463643535353861633964663066396662326136393033646565
38666230666262613066376465356263363163346537343762666433303162306163
