$ANSIBLE_VAULT;1.1;AES256
39663162346535363134373230633163323832656130323030666631336339393630623330386163
3863313132623838303334363732396237396165306361610a616632646162396236366432336566
63643837643937396361376364366565376263353064653631353161343162613234323138633331
6631303538636136650a373865623030366330386461663165373066643938303636323731313565
33343336626231393765383863313737343530656437353963376434646562366630346666643631
31343337323834396535666164353465393234393236363235633538643732323666623164633663
37613162633861363038643238643339323432613135643532353730666539663963333030326161
65346434376663626334646530316362653330373636356463653732333566323435623130366164
63386335656465636530666633663231623134336233366132656133646466393837636633393837
37303965306165653234653537643331343634353132623433653335353636313066353832383634
36343465313864376663373239333430656436356530386461623762616264343638613666633330
30363534396332363464303665623830343330643334383435623631306633313463306633376130
37336630396366323964616666316136636363333764623861326430396535326634323238633839
65393466386533616561653331623234363666353336353663356565336339306537643766646362
31373336623336643836386363653936613664336665613534313732646661363438613836663333
66333265613037323564343631353164383466623131323633373964356264626133373361636266
39623534353834366365656534643432613032363065323864356132326636643163643332386539
37643065306164383466636637346438653133346635326564333364623862663066646365353630
31623962646334376534373932323465373735336664326435353732356432396164323534633538
37383439356662383731353836373863366661643633366163643733623239313038656434613934
65623336393337323731326264323161323736363435613764653562643039343461626564336462
34313135306634656333616430353430656363343265653836613930633266333362653239393235
33643965316232343031326232646665313235356138636630663236383065383163346162306264
38316533356230633664383366303861623931353239643465336439346663643238643537613738
31346631323130376232623731313230356565393663663764346232376534613331643533326461
37666164383037373631386166353465663838343364646464373336396130366531636335626136
66336534306636643765353335656565363466666539343437363932343664326335313838366530
34653961656461386630323664383934666535333234383138386162336438633633376434636564
31393937353831393261303763393937353633663330613330363966666232613562353030316531
63326131343363323635653234386131316265336135636138663263333863356662343534666266
38666563353439303734343530643139653536363234336330643761366565303361323932393736
36303436613264303330623231363733663030336532343866366636333730626539643539656537
3635
