$ANSIBLE_VAULT;1.1;AES256
38393539316261363437386334653566386434326363653061626666346631366436666536303065
3466353334623637366366616638383533653332346334370a333438663037623236626562303733
64666531616332326238616663663533666136373163336239303130646638353834656133333765
3861306465623265660a373138316132613261623361393864353961633566336633636337383862
39373537326138356237386135616437643034623866313461383863623262343435636537613336
33633563373138653635616662393336303330326131626535616334623934313235366561616333
33316330386666656232326662336564623930386634656165363830303861386665636631366462
61336633313237633462623130336164363365616565333864333165653734303732663866636132
36633562666338613966643461343061326537623933623837326562306535363033653531613534
33396464383039373735333434376366386238663765396263346164633561306364663666623563
36343031396435376233316565343837353039363639386335623232373031326164363430356164
63613662396637633462386337643436663630656631366538623736303137353337666537306664
36373636323366346638386561366632306165303064333862363835643935323832666634376564
63623661356437376530363431313663393164653436656139383735623066633064313363653966
30633664356531373537666166633335346238626533316361663238373831303665656231303531
65666263333530666466326166306532396266383962343132366661363935663330343563326436
33376137333538363832326234303861623362323338623830633334313462353064363833386564
63343633383932306439316238383431313430633264633263636333306163323166373332306135
34656530393734313339343164343231653832623635336132326132383434343933666365313765
35663632316265303237353331633363643866386561643562383630316662343633383234626566
31326263323764376232643464323339613132376362346162383730636262646566396661333337
61393238326539363661363730643037383535646164653530623564343066666434633831313931
64353038633166363838633230333532323233333237633262306333333161383562326635636434
61393433303636333538343438616463613539326137336230623966353961323738303366336366
38393633653164386330363932366134306430373231613937623862653165333534316136306566
39393432353565623036643233326164383966363838313264383861376131633366623837623066
65393031353532393462363063616336346366303763623739313064643739326136343964393264
65623237346638623064386366356133643531363835306134356432383265333566613536643632
35626139633936303939323736396338356166643663366663626464626131616362363531653533
39613032323763363462633837386536663466643334653434323434656233636432313432313532
31366566343232356337306465383431663432616132346539316232373436666365366335313339
63343363653532356261363836616465346262363061313934373435336430356363323339663938
31396564633562313035643037333238383062333237316232353965646638396639323862313562
34383361323636643831343966663665383062373335613435363834663263396439323231383738
65646230633439373364646162393831383862313662663335636439326666346134303833656339
64343330613038643863326236323431333339343130643933666130366465643538653235633935
62366639623763376461623732373262363238333266356366616639383138363631383663656164
61353037313331323634376133393430666565616135393061386566393039376230646462303335
39323533383732653866386135313566653562643062343932633335626335353830313434323232
63613735303063303330316435386661313161313636313836346632343237663730643765353966
30383034646465313865653633383437663034623630326632343661313338383538376537313564
31656532336566653233646137653239653735316533373330366335386364646435643331393730
37333436366537393264363136326431376237363166313839306636653562643730666530393933
66333039396332346163363631333565613534613736326162383732353230333435646533376362
66346339336464343639636564373866666566343937633738373832306364313634626162653938
34666563643761386365346435313536356262363937346462363763326265643866346434366334
31303132373831336538616632373065656536386531633131333765626134343561376666373565
61663266313833323837383965386164663331616532393438333463316433336266633266306663
39366537363363663439666265666466633165383133316234643030343535303836363462303262
39343539633633626338616565626136343430396365613961336437383632626666383232356462
65376533356132396161356330363138386536383036653962393761313839616638333037373634
39306462396665663136323861373831376330646631633663373361666638333538666238633433
39363836386461663536383038353865393566633736626362386464616461363832646234316233
65323737336330393666373766393838643732333731616266376464623036343036613436376133
38323036383939393837333366376462656433376663386361396133623366666561303864393238
61313739353665373632663066636134396262386462613665323838383130633138313965363134
34383066353930323263353133336465383435653562343831396362646537383836346165333966
32313336393334666238303739386130616432616531356263646134313562373535323566366134
61343938643632633861663661643737353336343131363430363333366430393733623035636136
31643331623838346234656162373535306336316136613862393335326134343634646562636266
64383730333338623637383562383836326461396363623664326264656438333734643336666238
66643939636136313339336235343436666435323333653964623462336239393366366630363630
36306631336139643664333137396465373232623736386136343766376436393736646336316338
34396564316432306661656636646562616232383338666461303338343138396536643436383865
38356566646635656636616639636261643739323731613866393036383437616165636465396465
39666566346330666663336561613838346330623363626562366363633338346233376135386132
36343439373033653339363431666563373363366562393232313438623631326461636665323035
39333266396238633131343237653939373131336338623833396636663562666238373238313934
32396363346338623361306332383533663335316135303365383933663830613762613162376438
30646534643666303732353966613565346535356635616339363261663435613039653835373262
34306338643062336136396563353166396664383834393335383933366539336464393139383934
33373831373661623765653063356163666561663134373035333862656339356363616231633035
61343431626635356566343736636161363739613063363631346139333565376363353031366131
35313237346431376532373533333165343363396535613665306466353163313766393535383233
61396163393038613237623633303331303832386439336363303133633832656339393931376164
65313531323030386232366132346138333463353231363363613262336666663463333932353736
62646230646335363534316562356163613734373562366461303831646439343662373563313766
37303837303132613134656330363738346464393431336530386231326534373262333338656337
66643461653730313534346364336333333939313334326335316430313237616264336163663361
38656437363465373163613937323435633039663133623231636438396364326139353735646532
31653865643736313365376266653561353938396662653963356236653936663538363735396335
61656439383132356534623430393432373331626137653037353730396231393364646232396431
61656662656464346533373532623138343635653634653237663163653765373266323064303666
65323338656462333534313633373064313230356531383636616239353436323934393933386236
66386432636436613236323830353039393762323136666235366338333338666635303665613734
34386636326239636533356665643962383133303336333939393533313230343766363433376234
62306138373339303035623132653666353265313535353665613733393963383362333763396366
63333636303863346437303130316234363463626539376331373135346232353864653638363333
66663366666330333138653434656564356535616337646336623335303965626436666630333066
62366235373662363030666435616537643066316235313239323562663665303761633863636139
39363163306531363631303261366666386539663635646562336535383263666632663036336130
62316537633735636637333235656234393739356532316630336536333333356264613434306537
61663737393333313861306534373339373336393966343861383865636338303066326466666534
36646138623262653864383335616638616563323632336430373639366335643533613936363865
65633036363964343432633261626532613535653430373031613163633337396336336331383763
33656432316663623635646135313562353064626231626365383131353932373364323162616437
33643038613261346261303932353361643266303934383933646465313833326163346665393562
33636632306530353733333034323763653035356136383466643130613038363662393036396463
64623665363063623061366363396136623836313939396338343539623364613438366439386539
65336661336264613733623832663632313564333538303937346430336638343535616464366262
33356135656337633839633963323536336435393837326264363733656239643632323935343566
61653233393666313835336665623566653365343866323438336238313937623061383934343462
66303861313832383532323630646432356234623733613836633233373136356132323364666235
34356539313866373062666535323337323237316261396130613966356333623562316538393564
33653234323462393331366334626464616366386238323530623039633937666339616231386362
66323866393265313132333037326664323265376631646330383834323031353063396663366633
32313966633539383234653761666361303839326664643834383162633466646531613030306132
31333261346439646430633838643533303335636265396334333061633630386637646666363435
38373234646561376436373936356435363631393132323132353265376266613163636163326131
35303163666364643464326634663837303863376639356132303738396136633265633133633463
66346539353835656437656462363238383364363834626634356232343162623562333039626161
33623765643165663264653462646133303466616139653638643734376638616364383663396266
34313461663534653834356632356232366339646535663936626433366362663939656366663064
39366539356164653835393537623739363538396262656536333337333064323236636231303439
31356133383735306430646337303135643864363238363065663335386535336437303961313266
65373838643164646139623530623837373932333634346236323863383730633839616634653834
61383234656665336166313562316135303531333138306633373066303734396161353330383564
61663362633366653261396361633965316666643161323739333634353033376461653730323537
61303335356134376636376639353337376361376562326364643565633930643139616562663765
66393266323238336532623439656336356264333839306532333764613937383034313234333938
30623638666537306231646436343261663836333036653333393032633061616136626339346430
31303730643030376134626431323666643236613533653062306538323138653364343266396165
62363737376639343063633530336563323339663532393236303764313530373961323535313162
65346361616336653561346638303765323437636363613562346338386463396231666365653638
35383361373533643838313133323462626130346437636239396361653534353265383133366637
66356666616439333235383032653565396437353234323461666462316636373564346262316566
31373064633130316561326238343834376238383434366537623930326134616563663564373237
35636561333537323132363530383566336233396464383164373138323532323961323033353239
63373839383462383761633231343735306464323931623166303865333235613230363932353939
36373437326565353363656133326363316364626334306361613965316237303733353430323339
36626137333332323232613065323263643731323338646135333465383634333363363935366335
62353333653261366362643064326631346566616163663636303832356536666230333036356437
35623161316132353465376635363964613033356463656435346630663261346432
