$ANSIBLE_VAULT;1.1;AES256
31343132316533356465616635613836323830663664396435363533316334353436636363323931
3063386661346430373734393539306534623834613532370a663231613864646564306663656562
39646466623964376666656437333662343833316130623134343936393932396432343938653363
6636613062336434620a313137653835316161333930636162623436386439626566316561396234
36653939653836363434613163613936383832326631393065323366303861393630313736303561
66373338306533396332633862663136376237616238326132396635326233393363323533613762
62306632333261633130663233306630366362393035316464363962323065303439353937376236
36653266653433313035333132343766393663326165633236333263343537356636353032353038
37613037313462363039616334383364373363653461336462663063363039313031343162373066
34306638646663353935306238363633356639323637666663313338373133373862316330663965
66643435326531666465643837333161393830303336313330346135623131626462346561346335
31623331626565353964386335356665666635373138326230326464616131616130636664383538
38613435646361656633363531623134303536346432363737313030633939616335323362646139
33373566613039343033356664346466613035653237653331303966386234613132333839326364
63643761613034383763656231393733323031353632643930666238633235633939656333336236
37353637643639323237326265303964613264323637386238663138326164613633626566323830
30313333336631323734636666336164646361653838376165386633333639633434386663616630
35393732343962336435306631613738616662376437383034316265363736376139353763356464
32636635346462323262373837613764653562313661313938626633306333313339386433356631
38643733646334356235656133326337313839646462383135623337323738363233303036393334
62346264353063393662303937313764623866386437353661363264326462326466376330356234
61383365643734653135623435313532613663313366303736666636616234303265323833343661
39306330343730373231613666663838333838353237633136373330363363373733326536626437
61323039353334366433666365366438633962356635613632613630623536383465666135393636
36386164623836396532336138666561343362333531613362656635383134353464346461653162
31393630333830643139313165376464623430376562323833323238373238623031363832633161
38306338636165636263373565636565653233333463633133323436653135353536396136363132
61343135373536653635643666653635623631653634353663333334326165376362626633393838
66633564643333633236633534633536343562306438646331343031323538623233343237653632
37633835613139386435363065336435343630656635376330623665613961376263316564306361
39393137616166313866383664626633336237323737303435626461333931383264323364303466
33313161636332376434393964616433363765333130363561633339343165323036386465303038
64346136663935386431616231626638373766636563363563613035643165633530323837633033
65383939316535386531353630396635356639326432313631303236383432323839366437643337
64383363663436303065613063313730326566343362303831316665313464636631363734333537
35396666386136346233323430643838356133333935386562373830616361643138653362343934
64303130343062616337313063373135326434363336373331363065343730383431396234323262
30653561343334373434626466313833383163386561653535306563346133653161393664336237
33646536373139616238323535393965323735663634303938306330316134343637316239313037
65376135363539613630393630363933316533303535363237376433656131646364303365373464
30613665356163643733663663376234303861383465316338326238633139623936366630336137
31373234373533646265663837346361363462626133366133383832303536336165323735626266
37666461306365626636353634316138616536366161363838633466643566363339346165623730
61346637366434383035373561316661616465346231323865343735646362373432346333376139
63623961386235656134613535636566653936646332656437316232376332363165383662363937
30353037633339643634633561313532306665633461313937333532636438666330343237303037
35626136386661333466343531356137353830653137303764643832383332373036323836653363
32623265383738343736376132383261663263363161346437303036613338313931366366653439
32666337316435633261663031653037626464636337636435323236663164303032643238383035
64343263646434613431633164373535653634623062323832656362313135363131333632333439
38636666626264616137303761623364373064363831393861643562333536623466303932643433
63383862376334383339306431626431366330386336306164313637653138656533613561313937
35396265656337616161636336346639366139313738333338323264383830616162316437356339
34653964366135383135303466353930636564636261386231626232666336656566663530386263
65303832613632626235613733356639306164653963616566313663373336646636383335646238
61643631366665613634366561373638353261663138316339656537373530303866633435373061
62366432343663333231653735386265646665623231333431396538343037316164613936336166
66646633333165666536666630383433306635623130653338306662316335303962613965376261
66643365373861323638393135373663363034363565613866396463326132303934336332646339
65353966656262316332666435636334613835663463616530323531343933653561643765353162
37343033613663663463363434313465383532383338643335303033323662373934396633663763
38323065623332303439643265666364373564663738333461363434333963306334663334383532
39636535323763323936333637663438343634386231646639396539656533663965366634613038
64363832616335396235636362373032626330366230353937366665383264633138613330323964
64656637303739336631303139303333636239643735656236313933376232316336636133643637
31626564653765653235646433386634653162633366336566643739383133343836303462613230
61653835333335623636383539653335653062373637666235323764656631623839376464633133
38663763343434336238623331303939383633333731316633313938343832333539613236363231
38663564393637363664393732343238653736376266393534376135313261306532393066336635
31393666656436363135363061363132613733613534336561626433326432346533326138346365
39313538396132363538633662346565653463623663343165353366356566646632356166366335
34626261366432346230356334623534373863623539633465343238633938373533333738316139
62386138633433393135313734656631303066336363333066666637636139343339313230383535
65616164616238653135313536346433623834653930393664626264373438383432373931633432
62316534363938373637386130313236396432363539663832303564306435326263656436373136
32356138373566316234633931326462616632346338316661613736626265626131663963386232
65666261306364376636343131623733303263653666616363613630333035303332356664303133
39386465666263366137666235653866356534396436386239363665623236346531643332326435
63346165646232323161383364643662383738303531623939313432316138393236626333636462
38623366646562653438613230643934363362663361333531313166626365343566333439633261
39383937633461353764353662313962656131323331333734613165303236636334376233366635
61383966393733323536653138626337393839326161663939633333346239353535356134616239
63326565626461356235343739386661613165333264343165323139646433316363343162353935
30656364336238656231626163666137643966316334323366303036393138646562373365616535
33383531386330323538393830343665613366613436343462363531353465613931313362383331
38366438363533323135333139306630656432656137326239363432653130636430376630353266
37343433326137376666393435303637633666613835653161376463663737623963386663303436
33343433646637653938363430356538613035326565373435326366393631383037623439353234
63383939343235326466343837623138643165313934656365386632353532616662343930313265
33653162383763613936656634616533306466386136363162376437633839303834656562386335
39343933336131363862323836663466393130323064333161393033303964643561353462323466
38356161353063396238613863383432303238353963326365633463333939326535643166616230
65623131303133613635343661633735356231343861316461646139633438393362333263356638
62343635393732626662373465303431333335383762333438373635663261393937373331363039
35663032343132613039376465663563653532366230316139616561393236386165393535616435
30653662623239366264
