$ANSIBLE_VAULT;1.1;AES256
64366564653736393366633834363238323033396166373963626361356433363131396435653265
3964353064343962383164313539396334333331393337620a366266323565343238626533636436
39393162343735376336306439336131336132653731326537323231656430363061313437633631
6137613765666232390a613530383361636333376164353232663637313762323138386665653264
66616131306463373933306263666439633036363266343731613037643830623564653138633964
66323232653035393431653261326564313832383337386435623665323335636235633161643566
63363234643139393237386366313231366238363336653063653165343433666235666563346338
63383365313834366230356261636137633565636262383237303362313166316563363361316163
37366261313434636465386563326536643335383833373563633464306265353331343766663562
65666464626230633266353665366334613831303561336262303064616531626337306635383836
35313462653734343835373361333536333231633539656239663332373838393663396664636666
36353862313936636165643836323536373630626236386566313164323263303539323564343463
65383765666562373433323032326239313165353732643266353763316439336237666538613039
38633962663861373761396165383763323166383932633935316339303163313664313530346636
62303637643739613666653234353566636364643662343761363635353764353265326636653262
30306134303338656661666139663062393564616438356363303661653264313633616335643437
37333039656663383133623734343565613636343231356437633864316234326434643232393462
32346635666435653338313838366535333638303564653539613238363333346636373637656263
62363262613666616539383038626233646337323934643264363434393366383866643836666131
33646235653337313931653032626266386662356235363631653764393666383733333532393233
62323338633937353736626336636432343433363732346366613935636531376337366266386437
30643738643363303535656565646434626337373136373962326239653331656435353532303737
36363362333863333237306532326337613937646334316634346366626461303235316162656364
64386231363838393964663138323066613066323138393235333535363832666665303461346637
61333736636462626665663265353864386461313365333135313634363062653030376435623439
61303137646230386436636138386165626666383336313736633037363339326264346232313832
35653962643632313962666664306338313062393132623031326631306239353139666632393063
62313364373838643365303833313634393830633835346162313765643665383634623161633830
37386365393533663737616661323036373163656139626533613735306638316531363237633134
34623264383030366339613137316664343536393061336334333366386332363764383564313339
63353462353830633137383430623865333339636236613363643664643232306338636639666265
31663865303031383636366535653033646535396364326439613566623564633130356561346233
62666366663837343239373535333865353132616438303336333962313063663032336363346337
39366662356531373038343033623564343766383162343532653130343762303937336336643564
33353734643462353337313366316136353332643266666337663839366332626138643636313333
39633165623139313164393234616463643966643735663237666461383034643537633761633438
32356263633830343031323637373565313261363130316639653534653738316533636163333662
38356434613766363633383165336262323337646566383032363066313030383464326561666334
63396238363638346438393366373861626639363631636337623135636466386265376164306535
30313932616630303135313031393439326635663834356430373361633538663435363834343663
32626633326366633436373261626635326365656166643366306336363435353137616164353938
37306334363930613062333639333937356263313037343966323664306665326630373230303431
36343266396334633964666636643866643533613163643339323638363232636566376661666431
36666164613965393332633337616331343365623836306532353161343635366563376563633139
34656337383065633133323564363663666337363539353166616562396433333962393531656562
61363434346430653766646238336132646234613635656639636338306266323733666138326263
34323564303962663731646437336565666538313039616231353938366236626237393936333937
33313162343763366638636439616235376438636234636238626232363036326364613633353365
35623235353766613133646233313037313462333162363236306331393563393535643363363931
66663932656235373934323839366164643930613365663934386339336561613930356363646266
30376362343732653564316237333333363261343835326237353836623133643632663564333562
37383835653662643238656137633434636663643962373331326632613838656432653032616237
64303739633734333332393035393861663366396232326330396330616463633838353430646236
64356461653462313664643335633063613337363234386132613464313132373666643037366337
38346138313334363734313432656665333064316634373265363661656136653930376539613338
63376466666263326637323564316639623564346639363861653035306632656338623530326139
65313033386134316432333132663231343735393634663435396361356165336664323937353135
62303262323832323136613939373064653633376233383639353864386638633839633437616136
63323463376262366636356433366363313539346530633238373566616165393939313763616463
34313235633939346630303034393366646231356435353739383932343135393933316465323236
61613836383234336434633164313430323261363864373535656239343166633031343264336230
64333634383161656238626137346663656563366666383733643431663430373865393037363133
39313137323363383139346132633863393133663832656634333865306162393664623236326234
36613064656363663165306435343336663630353732396364366638373230653031356365616431
38333930656366353636663030646263396463376639373730303161306539333834366530643635
38643332393761663436356265376464353938613432336231656139343830363639363439363063
34306335653466343633633766326137653338396135343839653631656236303434626137646437
62333862613233383261396465636266306239646130303033653338663139373031613331333931
66316661353061653133363038663964623661323937303465633538623033316332396463303833
66353830353063653936656364623163633665383635616130636263653436353062346336613564
63333831326434366164626438653364363638616532393738616265396661346361643531613032
33653737643162646439663531626534303863303539643334623866663934376163363465663966
39316362333862356539633833316331643632643764346334323661363434616464663738653865
36623062656233626331363161663934316539616334366438323232663436653763656166313863
35323431386338623532656338626538363637373233626535333864396638336232353539653063
65373863636234643435653334346564333261656233343735653465633063326130353233306364
62383533613535343630306365323934396163336661343831306637656365343436306664383761
30623837366361613930323032313130666364633965623164656664663564353362323731323439
38636564616433313335636439633734326564663938303034643231323461346262653139613263
33663333363230643730346632356665663564643566333734616666626635303333396339306164
35383764363264666536636464383433633666313162393231626662626139373334363831613933
37343138333532393930633137373937366564363466613333373637336263373364636238366539
35653031313465306363626335633438396332613434356132613864626438326264326634383837
61386664303935346536316230326434313138646239383533346539616565623862343462373335
32326533616362623034636438386564313636343961616231666530343431343861366266343561
39336232303961363263353361356366646264663235343164353364316466383932653236666634
30313564363530373864356634666536363863663734646335646362366431616365636230663161
62373739636637303937343264383830393461666666616432353238346333313437386336363637
32666366326237303232643430333064333531376133366465323030343632656665
