$ANSIBLE_VAULT;1.1;AES256
38326133373061613963306234633639356432626639626166343530323431386535363731333138
3534343861623932303437326261306562303031316135640a633235333731306330343834313731
31616165653732393865316639303635393438333365653632306465666339323762663237623033
3738393262313865620a363939613834616662373338363361346461353239373738366639393864
30343730336464346232363163613434616162376532663165633033383134616236316464386162
36616131373862666662633333623535326330383732306131336662326437666535636339393265
64323638666665333863323230633730396634336631333964636333343531333565386662306539
34386531633635663536316337333134316532636665376532386535396166313830366663383835
66376561653338653730653530653063353239623636663532363166636333666662363361636435
37653734636130613835383761663034363839393336303139303330653938313630636566393939
63323832353365663136613235363065323137316331313066636531336637383731643735653838
63396230653534303335316231383230613732656530623735346237653438346366623930356339
35643732316238623633386633393337666234383638376364363061623466306230666564626335
62313037393035666430646433666339626633326562363265323661343736333935623262306166
63633830353736613865363735643862393035393065656362353664363539306465643331373661
65373264656630323061646539653064646332653131363633333363626136313361633062313835
36623838616365636236316466346166653461643838646438633238353064343539663666373139
31303233613661353566343664356264616561333233663665383932316164633938393366616662
35373262616261393663633235643837663166366661653833643063376330346663366664383166
38643634646134306266633366373433343731633961396534656232313163333161666165333062
62303765366662386331313937356261613339346263613161396166643639333938323763346232
30373034306331646330666334366334306663663462373337303361333136653662303864393732
62646565326334333538373133643636343764383339363537356530393731383965613361663231
34396565633633306634666337653165353266353565653565643666303065636565643639643164
63353431333563393339333061323066623938623430366637316433336663393765653561376363
31343736333664383337656563653134633366633532336434313761663562623737653838646164
61383539643935303565313632366338323738623134643166656266663538386238303861663235
30323432353333633434666164316233303136383639636232663132323265663935333938366131
32653965383662326632306536346663613133363764376466386336363236333536653266356466
34663662393931323862613961313330613664326661386463396632356464303731666264326435
36356166663262393835613966303035323362623136656636366436396332383531326139333535
64613035623834643762663434633163646136373737613632303861633836333833653463333037
61663737623332306666623835353631633830653161613166303366336566633536376530363965
36353166323939376665316135636632333833363736646635346338626132653838663264643434
63656531313565376535636133373539393335663834663533633363633836313233363838356462
39633231643162393035383935333235333363333462346135653035303638653066346332323531
35656366353733663037636565383730653664363033626136376332666533633665646433336364
64643331623137313634396536313132323635613736616161373663633237633531633563306338
31316433633735306263386138656434626666373533656130336131303066653732323833653162
33383539633939333336643961613339616236303833396233666235633735626630356637643837
31386536373436613634616533316536386661366233346433383839653330333935626161613638
39656139643732656339393835663361663635303138323632616531366535343861323333653438
66376530393562633632613237333833373830396162636461653032646436343436326463643063
31646531313564616339643330363166343366383761656136323365323164333465616231663730
32306436393438336335376561363166643131303234666435376536343564656234386661663537
66613663663631323538336335386239343063373233636538353233346334663965363066303234
38646333386263383330643537656530623763626533656232333535353862333933333831656364
39646636626330623633373461653237636264666562386537656136656534343738343166633930
35383664623763313262306362363333656430306361306634663232353463663637323334356136
38373731353061316262386231376337393337396233613761306231373837353633303862646535
32643639366365363165643364633830366264346532366230333065623631663763343932396533
64653434363966343232616661643831636233643261343963363339376265316533643232393465
34626335356363323165303533353830343561316566326438346137336334343035363262373166
36646434343932343332363263373531333861353933356632333362616131383162323435633433
30326631646538333938653661343636313435396334646561613534346365373136303062353730
32626438616636306161383036373936326166636235363466376338613937633537306530613764
37353336646438363030623063366231313734346539353036626535613264663263623338333863
31306331636135303064373339653865333663346436343039323862636138643439313837386265
35396132663439393734643037626635323534336539653165623330353466306161396133323363
31623538636239663465373836643464613862346131326566376134653230633061663362616530
34663535356630656532376261316530393230653737353365643631643934313539356662666532
39633735613964653230633237653331303463616436616637636263633535303232363632613338
39323361326563633636643036356635646534393134316434653234626466383533633630393537
31346534356665666263623566303538643236353964623638616434633163366431306335633935
63323765323738636366623335656364383766356563303939323833633239313031346532623264
36623164636361393962393764336163323039323734636664623034616138303561646630313263
38303438356633646235333534316332386665326363663833643663303165366264613139316636
61643433666365636535316237303966373433666537333362383434396161306465623031306631
63393938396131303438333361636464356564353239616634653436326431326166
