$ANSIBLE_VAULT;1.1;AES256
61366130643338343766396164636434636666383137313735373662333365393930623532333966
3963636564353966326162346134303835333137646362300a303763323334373732356562313734
39333131393036363336363035343635623332353033313464616333336561646164623338613961
6338393032646432630a353233316436316433393239376533343430616563653364363164393836
65343831633164613363313830313932336663333434623137346564363135666431336566383635
35653166663132353730623238323238323337363531633539626632346435333234633135346533
34336165653961323962653961613230303732623038306337356163663233386135346232663962
64333333653066633861316436616239316161336436383932306231653137333330386562626335
34353435383765303462666166363735636438316338663730393536323336346663323836356133
38623230633635346639313461313963396137383439663236363936303834346438666664323930
34326133313135333633623031666533323264363863333332326234346335383663633664646535
34353638663461383738366437306237623434323831353235353233346463383533633966323539
63386663623333333136633535333933303261626433346162383836616261383535313865323337
32323437613339653265316632353666383463643064316631613161656466653163643161373737
37633964343835363335376538643434666366616163373363613961613238626436373535393566
61306233646435623739326464613262323961363436656663636236343162353265663164636466
63393463613633363763333862316630383439633537303436373731303733656363326633366536
39383239636562353938663362303830353234316561393966366564643430366135383531393033
39633761353832366231383063393535396161393539343831623634306235653731633162663436
64383134393038353330323636326339383566646232376364613139626138393435646362383863
39666165306165643664386162306332636366613030623561356534616134643066393664393632
34633837353531306139376361323137633632333633376264366665363935396363363138363761
39356166616632313261643561656135333833313063346462333131333633343936366238323764
31373230376462306265373365666433313837386338363961303261313031396333373162613130
31626530316238356430373638323061386266393864343738636462623832623134383538343538
66653335333366613266636437396636616162313731363831653734346539626663653461323733
66336164323134663165373837663463643135323435356131633462396531356133306165396430
39306435383762346365386562623230343538303064316636626564626239346134336661303966
66356538643134363833646462643835353034363262656532326435643666333632666166373739
36323861333866643135333162393331613464316466366331363536303537343935653062636365
34633863616138663339366364383362333365316562646138363839303539356463613562666431
34346463386638626136303334376538323731613836323266306665636537353332386531666664
63383932306232346139376566376431653765366338323962363362633836383237313735396562
36333535386136376236333531346266653137633237663163656336613336623865666534613430
30343334313431396436323665343639303035303735636635343663666638383437616333656634
35366463626134346335333962306461663438376666353333653738613636356133343864333265
38633336396530653266353437653261323062316464663062363963666336316265393865383765
65633239396563323430336362643131653861323338626539393965336566643934653537643965
30656338396132653833376239653962393361363865323136386335386236346264303462663762
35626364396163613066333431613933356662333564366166333439313530393939353164323037
62613538316164646563303335343738373664333334623039363531363465323935316366343662
37363465343466353334306330393234623264653166656439363032653464376339636435303262
64363531303330623033343933323662386262663439396233623736333135356664303534346538
61636232383065356161653736323833623935326165353162326233313431313665373735326338
64323933623534643839346661613935633131666461303637323736613030643338323565313464
62366664376431343934326435373663356637656462353164316638623565663638653132346436
39633964623634323335306561383434653162333035386137626431633734373733346466316431
37363861356331326234636463613663663936623837656435313437373537323761313363356539
34316161616534653937303464323030326162303336333237306233326662313437313236376263
61653132366335316535303964313736613333636664356235376530623464376134646138336462
65653137383761303139653134306233336433393963666332353464363663666632313232633137
63356661393938353266323634633532343266326130353434346538653035613939633363653836
62316464356166306537363231336363373339336461623437343634653536383330666234623837
34373537663438643735613036633564373662353164306538636364353463323466373265373038
61613965366436323834346232626365363736353365313563393464623936363534643530623739
31653064336533646532326365303631613831383562663365303164623632363030663733343139
38666561626362343131333536306466313962383164386538616635386133623131316239346162
63663063313362343333636234386366623964343030626136613736346263663165376639306435
36613830336563383739343933656233356134323034313961643537306233353931363464376537
35383730343135623734393930653766356132376466653332613938376637643235643737303138
31626134343163616463646439323062616162316264373761663335633533663462333464376239
39366135343664383863636434653831346334333765396566336362623238353065336236316534
37323537343134336238323836336166306364623430653331663136616666653535653832336633
36363065383461663836386436336337623164653664653038393939633663336439306431356262
33313734393534316235303135623633303031613330653437393464643434336235393136316464
36353937613337396131636335343966613839356530326638323865376532323733313831343538
37613565653435336536383437333862666161616530306635636165656661396135356163633932
64363630636465386163313963353439313334663362313064326532643161643632353834396566
62633062346334376662626665643533663639613939333735373939646335643730
