$ANSIBLE_VAULT;1.1;AES256
38653737393839326661343539343130653531353763666633383265333962646665336332373339
6266356164636235623261633036666433393966653537310a636261383437373934663531616331
32303133636361383631666565373766656366623464656138393033366462616235396633636566
6163626164666534370a646136643832646366623134623534326364396463363639326230303735
65336637363232373238346133343430383666316663393865386534636536313965353538336464
36343261386532366361333563356630616536323437363264333365383335306265353136633034
39383063613538343962623838373565313530653666353366326362626264626332396464313837
31313531346561663066323064363236656234373663646633316264623732356561376663383534
35316230366334326165346466303237373961333030633837316533373732663636353137313066
37383864333130663065633365366136356634656339666135363434636536656137396165313263
38646466633261666466646263646533306162646139636564353037343432613561646461666135
65626237336433383033663034626336653661353264376465393964613161646334626465373263
61313939666335323261343961353534336466623131343561666132663665666663636136356663
62356366363139626335666138353563666161636332366261383434333330373833306537376233
37643131363737636334636433373933633434303862646438626238666162656638646565623962
63306662393238393831306534323064313938646633303862386130613866383665393938373737
65303264356435396235363433663864633034636463626232393661383362323738333434363961
38313036316130383162333231326237383961323132653933613230306163653839653865396431
30353661643534353032356366643835393731643033343333653630383334613735633662313334
31366432373861626166336238623364363936623264653239636562646534356232303037643832
30313331656630656563623530633262303931363764613432306464323239306232333831396465
37326164646533356231653937306465633831646161633061356337383535636535386364316636
37643136613365323730313630356163396139653036353136323239373264363761656163376232
62336239333832366364626630643564306337616539306466623231326263656166613461623236
66366437396462393036333764363036353836613436346464636664666534616230353661636332
33386439343863366438346166333137323836303635363663313338326533343263346335303937
33346462636563316135383063363432643864313531393065333936306564316236336630353666
30623933663963363865306464303131633330363232633565356466646431646336356364363463
62363461643461383731613034323436326435363561653935336135386435313431653833363366
34333930313137373330346635353561613639396532613636306265616666323839363232653363
32613761393562653634396361303063636532363635346237346338313737666133363932653334
36623964363562333632386132323630666164373534316330376364313131383364613662393262
30613239353939363065336235653665343065393538396335646235613431313338653132313032
65616437393563336664386332306662303135626137646439313537363938373138663963633839
37393430356566636231306662646661623461653434656335613137623138306131623766663637
61393034373839326433393935626661616664303036386136393034326439343462326632626266
32653263633039663266333435333630376332656336303237376561626235303166313031656232
64323532393964623239346333346534363739633737353338613931663738313836343434333934
64393761363833383739333937303139666335626233303437646163663962323032623963623561
64313262393965353764636437373032323565326438353433633435663333613335663162306532
61396665643338313661383934313733373035636662623532306564383663363963613866333830
39323733633737343534303531646661303563333566656138306333386463386437373338353131
36656666336134323132623536346663393037373732643066343630383564336533333538383832
37393039616666326238643365343863323862353663626433643264333861343461383364356233
37643461613763633033363033326261666134626664353931656165336633323034646536386333
38386632353239643035323139633062633839656133613937313139343635353066303433663334
62613562303266313731386565653439363866633439626439376530656633346331623265326165
62313439313530333930366364363436303737316133363037646439356634373262623164653932
30363765643266343163633638626364326533303836343362373130316166393564316335396438
35376237316134306639316164343238356634353863653638383837316566623963313231646664
64313264366431303436353566653235313530363563313764333339356363356234333433383162
64346566633464666533663036333732396533326438343863663633363636663961336361653064
37316661336637616161366639663633393064653461373033316531366637393737343862346363
66366364313537643335363261626463366534323634616134643235336665663065383737373561
34636461663738383532643934313632393538333137353735313731623961326461353465333263
62353463386333363762316164653664396138396566363862653762396561653564316236336637
35656138663730623637656265386439383232343539613131643536353732626339373462373364
61636139353761376431326435363933303437376639326165313238393262613033323232373536
31613234653237373932363630383235396264376262313236376236303937386330363565313239
39383230353435636366346531363532666236646234356437366238663337326130613533313739
62643836366461393965396461313935613832393439313065393565323430653835303535623034
37323464363463383938373931333039343030383762636437613134633039303566326464636331
35316566633937373039643961323065386566623364363166323333356363323335623735653662
33336334616663356130303839633337623635303834666430333366303066646563613230616234
66616539373131633662306561346234356163623732353062373761643262653238376364356331
64663064303236663737333066656266346636383734656539363236356261396366316332326461
35303136313235343261383537303865633066393233613631666332373535396363316164353939
35383130343532316331323763393630653263383631336231646135656564353539353233663437
66613534323430303430656238386438313433613265656565383531326335646438623164616566
38636435373965363434336237343235636633303963303133316139636439663336386535613234
34393937363433323032356535616230346632623766653838623138386139323032343634336165
32326336623239613233
